NPC组ID	气势	人物1ID	人物1等级	人物2ID	人物2等级	人物3ID	人物3等级	人物4ID	人物4等级	人物5ID	人物5等级	人物6ID	人物6等级	人物7ID	人物7等级	人物8ID	人物8等级
101	0	1011	5	0	0	0	0	0	0	0	0	0	0	0	0	0	0
102	0	1021	17	1022	11	0	0	0	0	0	0	0	0	0	0	0	0
103	0	1031	17	1032	11	0	0	0	0	0	0	0	0	0	0	0	0
104	0	1041	18	1042	11	0	0	0	0	0	0	0	0	0	0	0	0
105	0	1051	18	1052	11	0	0	0	0	0	0	0	0	0	0	0	0
106	0	1061	20	1062	13	0	0	0	0	0	0	0	0	0	0	0	0
201	0	2011	18	2012	12	2013	9	0	0	0	0	0	0	0	0	0	0
202	0	2021	19	2022	13	2023	9	0	0	0	0	0	0	0	0	0	0
203	0	2031	21	2032	14	2033	10	0	0	0	0	0	0	0	0	0	0
204	0	2041	21	2042	14	2043	10	0	0	0	0	0	0	0	0	0	0
205	0	2051	22	2052	15	2053	11	0	0	0	0	0	0	0	0	0	0
206	0	2061	23	2062	16	2063	11	0	0	0	0	0	0	0	0	0	0
207	0	2071	24	2072	16	2073	12	0	0	0	0	0	0	0	0	0	0
301	0	3011	28	3012	19	3013	14	0	0	0	0	0	0	0	0	0	0
302	0	3021	29	3022	20	3023	14	0	0	0	0	0	0	0	0	0	0
303	0	3031	30	3032	21	3033	15	0	0	0	0	0	0	0	0	0	0
304	0	3041	32	3042	22	3043	16	0	0	0	0	0	0	0	0	0	0
305	0	3051	33	3052	23	3053	16	0	0	0	0	0	0	0	0	0	0
306	0	3061	34	3062	23	3063	17	0	0	0	0	0	0	0	0	0	0
307	0	3071	35	3072	24	3073	17	0	0	0	0	0	0	0	0	0	0
308	0	3081	39	3082	27	3083	19	0	0	0	0	0	0	0	0	0	0
309	0	3091	41	3092	28	3093	20	0	0	0	0	0	0	0	0	0	0
401	0	4011	37	4012	25	4013	18	0	0	0	0	0	0	0	0	0	0
402	0	4021	38	4022	26	4023	19	0	0	0	0	0	0	0	0	0	0
403	0	4031	39	4032	27	4033	19	0	0	0	0	0	0	0	0	0	0
404	0	4041	44	4042	30	4043	22	0	0	0	0	0	0	0	0	0	0
405	0	4051	43	4052	30	4053	21	0	0	0	0	0	0	0	0	0	0
406	0	4061	44	4062	30	4063	22	0	0	0	0	0	0	0	0	0	0
407	0	4071	45	4072	31	4073	22	0	0	0	0	0	0	0	0	0	0
408	0	4081	46	4082	32	4083	23	0	0	0	0	0	0	0	0	0	0
409	0	4091	47	4092	32	4093	23	0	0	0	0	0	0	0	0	0	0
410	0	4101	49	4102	34	4103	26	0	0	0	0	0	0	0	0	0	0
501	0	5011	46	5012	34	5013	29	5014	25	0	0	0	0	0	0	0	0
502	0	5021	47	5022	34	5023	30	5024	25	0	0	0	0	0	0	0	0
503	0	5031	48	5032	35	5033	31	5034	26	0	0	0	0	0	0	0	0
504	0	5041	49	5042	36	5043	31	5044	26	0	0	0	0	0	0	0	0
505	0	5051	50	5052	37	5053	32	5054	27	0	0	0	0	0	0	0	0
506	0	5061	51	5062	37	5063	33	5064	28	0	0	0	0	0	0	0	0
507	0	5071	52	5072	38	5073	33	5074	28	0	0	0	0	0	0	0	0
508	0	5081	54	5082	39	5083	35	5084	29	0	0	0	0	0	0	0	0
509	0	5091	56	5092	41	5093	36	5094	30	0	0	0	0	0	0	0	0
510	0	5101	60	5102	44	5103	39	5104	33	0	0	0	0	0	0	0	0
601	0	6011	61	6012	45	6013	39	6014	33	0	0	0	0	0	0	0	0
602	0	6021	62	6022	45	6023	40	6024	34	0	0	0	0	0	0	0	0
603	0	6031	63	6032	46	6033	40	6034	34	0	0	0	0	0	0	0	0
604	0	6041	64	6042	47	6043	41	6044	35	0	0	0	0	0	0	0	0
605	0	6051	66	6052	48	6053	42	6054	36	0	0	0	0	0	0	0	0
606	0	6061	67	6062	49	6063	43	6064	36	0	0	0	0	0	0	0	0
607	0	6071	68	6072	50	6073	44	6074	37	0	0	0	0	0	0	0	0
608	0	6081	69	6082	51	6083	44	6084	37	0	0	0	0	0	0	0	0
609	0	6091	70	6092	51	6093	45	6094	38	0	0	0	0	0	0	0	0
610	0	6101	72	6102	53	6103	46	6104	39	0	0	0	0	0	0	0	0
611	0	6111	74	6112	54	6113	48	6114	40	0	0	0	0	0	0	0	0
612	0	6121	79	6122	58	6123	51	6124	43	0	0	0	0	0	0	0	0
701	0	7011	75	7012	55	7013	55	7014	48	7015	41	0	0	0	0	0	0
702	0	7021	76	7022	56	7023	56	7024	49	7025	41	0	0	0	0	0	0
703	0	7031	77	7032	56	7033	56	7034	50	7035	42	0	0	0	0	0	0
704	0	7041	78	7042	57	7043	57	7044	50	7045	42	0	0	0	0	0	0
705	0	7051	81	7052	59	7053	59	7054	52	7055	44	0	0	0	0	0	0
706	0	7061	80	7062	59	7063	59	7064	52	7065	44	0	0	0	0	0	0
707	0	7071	81	7072	59	7073	59	7074	52	7075	44	0	0	0	0	0	0
708	0	7081	82	7082	60	7083	60	7084	53	7085	45	0	0	0	0	0	0
709	0	7091	83	7092	61	7093	61	7094	53	7095	45	0	0	0	0	0	0
710	0	7101	86	7102	63	7103	63	7104	55	7105	47	0	0	0	0	0	0
711	0	7111	89	7112	65	7113	65	7114	57	7115	48	0	0	0	0	0	0
712	0	7121	91	7122	67	7123	67	7124	59	7125	50	0	0	0	0	0	0
801	0	8011	90	8012	66	8013	66	8014	58	8015	49	0	0	0	0	0	0
802	0	8021	91	8022	67	8023	67	8024	59	8025	50	0	0	0	0	0	0
803	0	8031	92	8032	68	8033	68	8034	59	8035	50	0	0	0	0	0	0
804	0	8041	93	8042	68	8043	68	8044	60	8045	51	0	0	0	0	0	0
805	0	8051	95	8052	70	8053	70	8054	61	8055	52	0	0	0	0	0	0
806	0	8061	94	8062	69	8063	69	8064	61	8065	51	0	0	0	0	0	0
807	0	8071	95	8072	70	8073	70	8074	61	8075	52	0	0	0	0	0	0
808	0	8081	96	8082	71	8083	71	8084	62	8085	52	0	0	0	0	0	0
809	0	8091	97	8092	71	8093	71	8094	63	8095	53	0	0	0	0	0	0
810	0	8101	101	8102	74	8103	74	8104	65	8105	55	0	0	0	0	0	0
811	0	8111	101	8112	74	8113	74	8114	65	8115	55	0	0	0	0	0	0
812	0	8121	105	8122	77	8123	77	8124	68	8125	57	0	0	0	0	0	0
813	0	8131	108	8132	79	8133	79	8134	70	8135	59	0	0	0	0	0	0
901	0	9011	106	9012	87	9013	78	9014	78	9015	68	9016	63	0	0	0	0
902	0	9021	108	9022	89	9023	79	9024	79	9025	70	9026	64	0	0	0	0
903	0	9031	110	9032	91	9033	81	9034	81	9035	71	9036	66	0	0	0	0
904	0	9041	112	9042	92	9043	82	9044	82	9045	72	9046	67	0	0	0	0
905	0	9051	114	9052	94	9053	84	9054	84	9055	74	9056	68	0	0	0	0
906	0	9061	118	9062	97	9063	87	9064	87	9065	76	9066	70	0	0	0	0
907	0	9071	117	9072	97	9073	86	9074	86	9075	76	9076	70	0	0	0	0
908	0	9081	119	9082	98	9083	88	9084	88	9085	77	9086	71	0	0	0	0
909	0	9091	121	9092	100	9093	89	9094	89	9095	78	9096	72	0	0	0	0
910	0	9101	123	9102	102	9103	91	9104	91	9105	79	9106	73	0	0	0	0
911	0	9111	125	9112	103	9113	92	9114	92	9115	81	9116	75	0	0	0	0
912	0	9121	129	9122	107	9123	95	9124	95	9125	83	9126	77	0	0	0	0
913	0	9131	127	9132	105	9133	93	9134	93	9135	82	9136	76	0	0	0	0
914	0	9141	135	9142	112	9143	99	9144	99	9145	87	9146	81	0	0	0	0
1001	0	10011	129	10012	107	10013	107	10014	95	10015	95	10016	83	10017	77	0	0
1002	0	10021	131	10022	108	10023	108	10024	96	10025	96	10026	85	10027	78	0	0
1003	0	10031	133	10032	110	10033	110	10034	98	10035	98	10036	86	10037	79	0	0
1004	0	10041	135	10042	112	10043	112	10044	99	10045	99	10046	87	10047	81	0	0
1005	0	10051	137	10052	113	10053	113	10054	101	10055	101	10056	89	10057	82	0	0
1006	0	10061	142	10062	117	10063	117	10064	105	10065	105	10066	92	10067	85	0	0
1007	0	10071	140	10072	116	10073	116	10074	103	10075	103	10076	91	10077	84	0	0
1008	0	10081	142	10082	117	10083	117	10084	105	10085	105	10086	92	10087	85	0	0
1009	0	10091	144	10092	119	10093	119	10094	106	10095	106	10096	93	10097	86	0	0
1010	0	10101	146	10102	121	10103	121	10104	108	10105	108	10106	94	10107	87	0	0
1011	0	10111	148	10112	122	10113	122	10114	109	10115	109	10116	96	10117	88	0	0
1012	0	10121	153	10122	126	10123	126	10124	113	10125	113	10126	99	10127	91	0	0
1013	0	10131	152	10132	126	10133	126	10134	112	10135	112	10136	98	10137	91	0	0
1014	0	10141	157	10142	130	10143	130	10144	116	10145	116	10146	102	10147	94	0	0
1015	0	10151	166	10152	137	10153	137	10154	122	10155	122	10156	107	10157	99	0	0
1101	0	11011	159	11012	131	11013	131	11014	117	11015	117	11016	103	11017	95	0	0
1102	0	11021	162	11022	134	11023	134	11024	119	11025	119	11026	105	11027	97	0	0
1103	0	11031	165	11032	136	11033	136	11034	122	11035	122	11036	107	11037	99	0	0
1104	0	11041	168	11042	139	11043	139	11044	124	11045	124	11046	109	11047	100	0	0
1105	0	11051	171	11052	141	11053	141	11054	126	11055	126	11056	111	11057	102	0	0
1106	0	11061	177	11062	146	11063	146	11064	130	11065	130	11066	115	11067	106	0	0
1107	0	11071	175	11072	145	11073	145	11074	129	11075	129	11076	113	11077	105	0	0
1108	0	11081	178	11082	147	11083	147	11084	131	11085	131	11086	115	11087	106	0	0
1109	0	11091	181	11092	150	11093	150	11094	133	11095	133	11096	117	11097	108	0	0
1110	0	11101	184	11102	152	11103	152	11104	136	11105	136	11106	119	11107	110	0	0
1111	0	11111	185	11112	153	11113	153	11114	136	11115	136	11116	120	11117	111	0	0
1112	0	11121	189	11122	156	11123	156	11124	139	11125	139	11126	122	11127	113	0	0
1113	0	11131	194	11132	161	11133	161	11134	143	11135	143	11136	126	11137	116	0	0
1114	0	11141	199	11142	165	11143	165	11144	147	11145	147	11146	129	11147	119	0	0
1115	0	11151	209	11152	173	11153	173	11154	154	11155	154	11156	135	11157	125	0	0
1201	0	12011	201	12012	166	12013	166	12014	148	12015	148	12016	130	12017	120	12018	120
1202	0	12021	204	12022	169	12023	169	12024	150	12025	150	12026	132	12027	122	12028	122
1203	0	12031	207	12032	171	12033	171	12034	153	12035	153	12036	134	12037	124	12038	124
1204	0	12041	210	12042	174	12043	174	12044	155	12045	155	12046	136	12047	126	12048	126
1205	0	12051	215	12052	178	12053	178	12054	159	12055	159	12056	139	12057	129	12058	129
1206	0	12061	214	12062	177	12063	177	12064	158	12065	158	12066	139	12067	128	12068	128
1207	0	12071	218	12072	180	12073	180	12074	161	12075	161	12076	141	12077	130	12078	130
1208	0	12081	222	12082	184	12083	184	12084	164	12085	164	12086	144	12087	133	12088	133
1209	0	12091	226	12092	187	12093	187	12094	167	12095	167	12096	146	12097	135	12098	135
1210	0	12101	234	12102	194	12103	194	12104	173	12105	173	12106	152	12107	140	12108	140
1211	0	12111	231	12112	191	12113	191	12114	170	12115	170	12116	150	12117	138	12118	138
1212	0	12121	239	12122	198	12123	198	12124	176	12125	176	12126	155	12127	143	12128	143
1213	0	12131	247	12132	205	12133	205	12134	182	12135	182	12136	160	12137	148	12138	148
1214	0	12141	252	12142	209	12143	209	12144	186	12145	186	12146	163	12147	151	12148	151
1215	0	12151	263	12152	218	12153	218	12154	194	12155	194	12156	170	12157	157	12158	157
1301	0	13011	259	13012	238	13013	214	13014	214	13015	191	13016	191	13017	168	13018	168
1302	0	13021	262	13022	241	13023	217	13024	217	13025	193	13026	193	13027	170	13028	170
1303	0	13031	265	13032	243	13033	219	13034	219	13035	196	13036	196	13037	172	13038	172
1304	0	13041	269	13042	247	13043	223	13044	223	13045	199	13046	199	13047	174	13048	174
1305	0	13051	271	13052	249	13053	224	13054	224	13055	200	13056	200	13057	176	13058	176
1306	0	13061	274	13062	252	13063	227	13064	227	13065	202	13066	202	13067	178	13068	178
1307	0	13071	277	13072	254	13073	229	13074	229	13075	204	13076	204	13077	180	13078	180
1308	0	13081	279	13082	256	13083	231	13084	231	13085	206	13086	206	13087	181	13088	181
1309	0	13091	281	13092	258	13093	233	13094	233	13095	207	13096	207	13097	182	13098	182
1310	0	13101	284	13102	261	13103	235	13104	235	13105	210	13106	210	13107	184	13108	184
1311	0	13111	287	13112	264	13113	238	13114	238	13115	212	13116	212	13117	186	13118	186
1312	0	13121	294	13122	270	13123	244	13124	244	13125	217	13126	217	13127	191	13128	191
1313	0	13131	300	13132	276	13133	249	13134	249	13135	222	13136	222	13137	195	13138	195
1314	0	13141	306	13142	281	13143	253	13144	253	13145	226	13146	226	13147	198	13148	198
1315	0	13151	309	13152	284	13153	256	13154	256	13155	228	13156	228	13157	200	13158	200
1316	0	13161	334	13162	307	13163	277	13164	277	13165	247	13166	247	13167	217	13168	217
1401	0	14011	319	14012	293	14013	264	14014	264	14015	236	14016	236	14017	207	14018	207
1402	0	14021	322	14022	296	14023	267	14024	267	14025	238	14026	238	14027	209	14028	209
1403	0	14031	324	14032	298	14033	268	14034	268	14035	239	14036	239	14037	210	14038	210
1404	0	14041	327	14042	300	14043	271	14044	271	14045	241	14046	241	14047	212	14048	212
1405	0	14051	330	14052	303	14053	273	14054	273	14055	244	14056	244	14057	214	14058	214
1406	0	14061	334	14062	307	14063	277	14064	277	14065	247	14066	247	14067	217	14068	217
1407	0	14071	336	14072	309	14073	278	14074	278	14075	248	14076	248	14077	218	14078	218
1408	0	14081	339	14082	311	14083	281	14084	281	14085	250	14086	250	14087	220	14088	220
1409	0	14091	342	14092	314	14093	283	14094	283	14095	253	14096	253	14097	222	14098	222
1410	0	14101	345	14102	317	14103	286	14104	286	14105	255	14106	255	14107	224	14108	224
1411	0	14111	348	14112	320	14113	288	14114	288	14115	257	14116	257	14117	226	14118	226
1412	0	14121	352	14122	323	14123	292	14124	292	14125	260	14126	260	14127	228	14128	228
1413	0	14131	356	14132	327	14133	295	14134	295	14135	263	14136	263	14137	231	14138	231
1414	0	14141	362	14142	333	14143	300	14144	300	14145	267	14146	267	14147	235	14148	235
1415	0	14151	367	14152	337	14153	304	14154	304	14155	271	14156	271	14157	238	14158	238
1416	0	14161	389	14162	357	14163	322	14164	322	14165	287	14166	287	14167	252	14168	252
1501	0	15011	361	15012	332	15013	299	15014	299	15015	267	15016	267	15017	234	15018	234
1502	0	15021	362	15022	333	15023	300	15024	300	15025	267	15026	267	15027	235	15028	235
1503	0	15031	363	15032	333	15033	301	15034	301	15035	268	15036	268	15037	235	15038	235
1504	0	15041	365	15042	335	15043	302	15044	302	15045	270	15046	270	15047	237	15048	237
1505	0	15051	366	15052	336	15053	303	15054	303	15055	270	15056	270	15057	237	15058	237
1506	0	15061	367	15062	337	15063	304	15064	304	15065	271	15066	271	15067	238	15068	238
1507	0	15071	368	15072	338	15073	305	15074	305	15075	272	15076	272	15077	239	15078	239
1508	0	15081	369	15082	339	15083	306	15084	306	15085	273	15086	273	15087	239	15088	239
1509	0	15091	370	15092	340	15093	307	15094	307	15095	273	15096	273	15097	240	15098	240
1510	0	15101	371	15102	341	15103	307	15104	307	15105	274	15106	274	15107	241	15108	241
1511	0	15111	372	15112	342	15113	308	15114	308	15115	275	15116	275	15117	241	15118	241
1512	0	15121	373	15122	343	15123	309	15124	309	15125	276	15126	276	15127	242	15128	242
1513	0	15131	374	15132	344	15133	310	15134	310	15135	276	15136	276	15137	243	15138	243
1514	0	15141	379	15142	348	15143	314	15144	314	15145	280	15146	280	15147	246	15148	246
1515	0	15151	382	15152	351	15153	317	15154	317	15155	282	15156	282	15157	248	15158	248
1516	0	15161	380	15162	349	15163	315	15164	315	15165	281	15166	281	15167	247	15168	247
1601	0	16011	381	16012	350	16013	316	16014	316	16015	281	16016	281	16017	247	16018	247
1602	0	16021	382	16022	351	16023	317	16024	317	16025	282	16026	282	16027	248	16028	248
1603	0	16031	384	16032	353	16033	318	16034	318	16035	284	16036	284	16037	249	16038	249
1604	0	16041	385	16042	354	16043	319	16044	319	16045	284	16046	284	16047	250	16048	250
1605	0	16051	386	16052	355	16053	320	16054	320	16055	285	16056	285	16057	250	16058	250
1606	0	16061	387	16062	356	16063	321	16064	321	16065	286	16066	286	16067	251	16068	251
1607	0	16071	388	16072	356	16073	322	16074	322	16075	287	16076	287	16077	252	16078	252
1608	0	16081	389	16082	357	16083	322	16084	322	16085	287	16086	287	16087	252	16088	252
1609	0	16091	390	16092	358	16093	323	16094	323	16095	288	16096	288	16097	253	16098	253
1610	0	16101	391	16102	359	16103	324	16104	324	16105	289	16106	289	16107	254	16108	254
1611	0	16111	392	16112	360	16113	325	16114	325	16115	290	16116	290	16117	254	16118	254
1612	0	16121	393	16122	361	16123	326	16124	326	16125	290	16126	290	16127	255	16128	255
1613	0	16131	394	16132	362	16133	327	16134	327	16135	291	16136	291	16137	256	16138	256
1614	0	16141	395	16142	363	16143	327	16144	327	16145	292	16146	292	16147	256	16148	256
1615	0	16151	396	16152	364	16153	328	16154	328	16155	293	16156	293	16157	257	16158	257
1616	0	16161	397	16162	365	16163	329	16164	329	16165	293	16166	293	16167	258	16168	258
1701	0	17011	398	17012	366	17013	330	17014	330	17015	294	17016	294	17017	258	17018	258
1702	0	17021	400	17022	368	17023	332	17024	332	17025	296	17026	296	17027	260	17028	260
1703	0	17031	401	17032	368	17033	332	17034	332	17035	296	17036	296	17037	260	17038	260
1704	0	17041	402	17042	369	17043	333	17044	333	17045	297	17046	297	17047	261	17048	261
1705	0	17051	403	17052	370	17053	334	17054	334	17055	298	17056	298	17057	261	17058	261
1706	0	17061	404	17062	371	17063	335	17064	335	17065	298	17066	298	17067	262	17068	262
1707	0	17071	405	17072	372	17073	336	17074	336	17075	299	17076	299	17077	263	17078	263
1708	0	17081	406	17082	373	17083	336	17084	336	17085	300	17086	300	17087	263	17088	263
1709	0	17091	407	17092	374	17093	337	17094	337	17095	301	17096	301	17097	264	17098	264
1710	0	17101	408	17102	375	17103	338	17104	338	17105	301	17106	301	17107	265	17108	265
1711	0	17111	409	17112	376	17113	339	17114	339	17115	302	17116	302	17117	265	17118	265
1712	0	17121	419	17122	385	17123	347	17124	347	17125	310	17126	310	17127	272	17128	272
1713	0	17131	429	17132	394	17133	356	17134	356	17135	317	17136	317	17137	278	17138	278
1714	0	17141	439	17142	403	17143	364	17144	364	17145	324	17146	324	17147	285	17148	285
1715	0	17151	449	17152	413	17153	372	17154	372	17155	332	17156	332	17157	291	17158	291
1716	0	17161	459	17162	422	17163	380	17164	380	17165	339	17166	339	17167	298	17168	298
1801	0	18011	479	18012	440	18013	397	18014	397	18015	354	18016	354	18017	311	18018	311
1802	0	18021	489	18022	449	18023	405	18024	405	18025	361	18026	361	18027	317	18028	317
1803	0	18031	499	18032	459	18033	414	18034	414	18035	369	18036	369	18037	324	18038	324
1804	0	18041	509	18042	468	18043	422	18044	422	18045	376	18046	376	18047	330	18048	330
1805	0	18051	519	18052	477	18053	430	18054	430	18055	384	18056	384	18057	337	18058	337
1806	0	18061	529	18062	486	18063	439	18064	439	18065	391	18066	391	18067	343	18068	343
1807	0	18071	539	18072	495	18073	447	18074	447	18075	398	18076	398	18077	350	18078	350
1808	0	18081	549	18082	505	18083	455	18084	455	18085	406	18086	406	18087	356	18088	356
1809	0	18091	559	18092	514	18093	463	18094	463	18095	413	18096	413	18097	363	18098	363
1810	0	18101	569	18102	523	18103	472	18104	472	18105	421	18106	421	18107	369	18108	369
1811	0	18111	579	18112	532	18113	480	18114	480	18115	428	18116	428	18117	376	18118	376
1812	0	18121	589	18122	541	18123	488	18124	488	18125	435	18126	435	18127	382	18128	382
1813	0	18131	599	18132	551	18133	497	18134	497	18135	443	18136	443	18137	389	18138	389
1814	0	18141	609	18142	560	18143	505	18144	505	18145	450	18146	450	18147	395	18148	395
1815	0	18151	619	18152	569	18153	513	18154	513	18155	458	18156	458	18157	402	18158	402
1816	0	18161	639	18162	587	18163	530	18164	530	18165	472	18166	472	18167	415	18168	415
1901	0	19011	649	19012	597	19013	538	19014	538	19015	480	19016	480	19017	421	19018	421
1902	0	19021	659	19022	606	19023	546	19024	546	19025	487	19026	487	19027	428	19028	428
1903	0	19031	669	19032	615	19033	555	19034	555	19035	495	19036	495	19037	434	19038	434
1904	0	19041	679	19042	624	19043	563	19044	563	19045	502	19046	502	19047	441	19048	441
1905	0	19051	689	19052	633	19053	571	19054	571	19055	509	19056	509	19057	447	19058	447
1906	0	19061	699	19062	643	19063	580	19064	580	19065	517	19066	517	19067	454	19068	454
1907	0	19071	709	19072	652	19073	588	19074	588	19075	524	19076	524	19077	460	19078	460
1908	0	19081	719	19082	661	19083	596	19084	596	19085	532	19086	532	19087	467	19088	467
1909	0	19091	729	19092	670	19093	605	19094	605	19095	539	19096	539	19097	473	19098	473
1910	0	19101	739	19102	679	19103	613	19104	613	19105	546	19106	546	19107	480	19108	480
1911	0	19111	754	19112	693	19113	625	19114	625	19115	557	19116	557	19117	490	19118	490
1912	0	19121	769	19122	707	19123	638	19124	638	19125	569	19126	569	19127	499	19128	499
1913	0	19131	784	19132	721	19133	650	19134	650	19135	580	19136	580	19137	509	19138	509
1914	0	19141	799	19142	735	19143	663	19144	663	19145	591	19146	591	19147	519	19148	519
1915	0	19151	829	19152	762	19153	688	19154	688	19155	613	19156	613	19157	538	19158	538
1916	0	19161	844	19162	776	19163	700	19164	700	19165	624	19166	624	19167	548	19168	548
2001	0	20011	859	20012	790	20013	712	20014	712	20015	635	20016	635	20017	558	20018	558
2002	0	20021	874	20022	804	20023	725	20024	725	20025	646	20026	646	20027	568	20028	568
2003	0	20031	889	20032	817	20033	737	20034	737	20035	657	20036	657	20037	577	20038	577
2004	0	20041	904	20042	831	20043	750	20044	750	20045	668	20046	668	20047	587	20048	587
2005	0	20051	919	20052	845	20053	762	20054	762	20055	680	20056	680	20057	597	20058	597
2006	0	20061	934	20062	859	20063	775	20064	775	20065	691	20066	691	20067	607	20068	607
2007	0	20071	949	20072	873	20073	787	20074	787	20075	702	20076	702	20077	616	20078	616
2008	0	20081	964	20082	886	20083	800	20084	800	20085	713	20086	713	20087	626	20088	626
2009	0	20091	979	20092	900	20093	812	20094	812	20095	724	20096	724	20097	636	20098	636
2010	0	20101	999	20102	919	20103	829	20104	829	20105	739	20106	739	20107	649	20108	649
2011	0	20111	1019	20112	937	20113	845	20114	845	20115	754	20116	754	20117	662	20118	662
2012	0	20121	1039	20122	955	20123	862	20124	862	20125	768	20126	768	20127	675	20128	675
2013	0	20131	1059	20132	974	20133	878	20134	878	20135	783	20136	783	20137	688	20138	688
2014	0	20141	1099	20142	1011	20143	912	20144	912	20145	813	20146	813	20147	714	20148	714
2015	0	20151	1119	20152	1029	20153	928	20154	928	20155	828	20156	828	20157	727	20158	727
2016	0	20161	1139	20162	1047	20163	945	20164	945	20165	842	20166	842	20167	740	20168	740
2101	0	21011	1159	21012	1066	21013	961	21014	961	21015	857	21016	857	21017	753	21018	753
2102	0	21021	1179	21022	1084	21023	978	21024	978	21025	872	21026	872	21027	766	21028	766
2103	0	21031	1199	21032	1103	21033	995	21034	995	21035	887	21036	887	21037	779	21038	779
2104	0	21041	1219	21042	1121	21043	1011	21044	1011	21045	902	21046	902	21047	792	21048	792
2105	0	21051	1239	21052	1139	21053	1028	21054	1028	21055	916	21056	916	21057	805	21058	805
2106	0	21061	1259	21062	1158	21063	1044	21064	1044	21065	931	21066	931	21067	818	21068	818
2107	0	21071	1279	21072	1176	21073	1061	21074	1061	21075	946	21076	946	21077	831	21078	831
2108	0	21081	1299	21082	1195	21083	1078	21084	1078	21085	961	21086	961	21087	844	21088	844
2109	0	21091	1319	21092	1213	21093	1094	21094	1094	21095	976	21096	976	21097	857	21098	857
2110	0	21101	1339	21102	1231	21103	1111	21104	1111	21105	990	21106	990	21107	870	21108	870
2111	0	21111	1359	21112	1250	21113	1127	21114	1127	21115	1005	21116	1005	21117	883	21118	883
2112	0	21121	1379	21122	1268	21123	1144	21124	1144	21125	1020	21126	1020	21127	896	21128	896
2113	0	21131	1419	21132	1305	21133	1177	21134	1177	21135	1050	21136	1050	21137	922	21138	922
2114	0	21141	1439	21142	1323	21143	1194	21144	1194	21145	1064	21146	1064	21147	935	21148	935
2115	0	21151	1459	21152	1342	21153	1210	21154	1210	21155	1079	21156	1079	21157	948	21158	948
2116	0	21161	1479	21162	1360	21163	1227	21164	1227	21165	1094	21166	1094	21167	961	21168	961
2201	0	22011	1499	22012	1379	22013	1244	22014	1244	22015	1109	22016	1109	22017	974	22018	974
2202	0	22021	1539	22022	1415	22023	1277	22024	1277	22025	1138	22026	1138	22027	1000	22028	1000
2203	0	22031	1579	22032	1452	22033	1310	22034	1310	22035	1168	22036	1168	22037	1026	22038	1026
2204	0	22041	1619	22042	1489	22043	1343	22044	1343	22045	1198	22046	1198	22047	1052	22048	1052
2205	0	22051	1659	22052	1526	22053	1376	22054	1376	22055	1227	22056	1227	22057	1078	22058	1078
2206	0	22061	1699	22062	1563	22063	1410	22064	1410	22065	1257	22066	1257	22067	1104	22068	1104
2207	0	22071	1739	22072	1599	22073	1443	22074	1443	22075	1286	22076	1286	22077	1130	22078	1130
2208	0	22081	1779	22082	1636	22083	1476	22084	1476	22085	1316	22086	1316	22087	1156	22088	1156
2209	0	22091	1819	22092	1673	22093	1509	22094	1509	22095	1346	22096	1346	22097	1182	22098	1182
2210	0	22101	1859	22102	1710	22103	1542	22104	1542	22105	1375	22106	1375	22107	1208	22108	1208
2211	0	22111	1899	22112	1747	22113	1576	22114	1576	22115	1405	22116	1405	22117	1234	22118	1234
2212	0	22121	1939	22122	1783	22123	1609	22124	1609	22125	1434	22126	1434	22127	1260	22128	1260
2213	0	22131	1979	22132	1820	22133	1642	22134	1642	22135	1464	22136	1464	22137	1286	22138	1286
2214	0	22141	2099	22142	1931	22143	1742	22144	1742	22145	1553	22146	1553	22147	1364	22148	1364
2215	0	22151	2199	22152	2023	22153	1825	22154	1825	22155	1627	22156	1627	22157	1429	22158	1429
2216	0	22161	2299	22162	2115	22163	1908	22164	1908	22165	1701	22166	1701	22167	1494	22168	1494
2301	0	23011	1800	23012	1680	23013	1545	23014	1545	23015	1410	23016	1410	23017	1275	23018	1275
2302	0	23021	1840	23022	1716	23023	1578	23024	1578	23025	1439	23026	1439	23027	1301	23028	1301
2303	0	23031	1880	23032	1753	23033	1611	23034	1611	23035	1469	23036	1469	23037	1327	23038	1327
2304	0	23041	1920	23042	1790	23043	1644	23044	1644	23045	1498	23046	1498	23047	1353	23048	1353
2305	0	23051	1960	23052	1827	23053	1677	23054	1677	23055	1528	23056	1528	23057	1379	23058	1379
2306	0	23061	2000	23062	1864	23063	1711	23064	1711	23065	1558	23066	1558	23067	1405	23068	1405
2307	0	23071	2040	23072	1900	23073	1744	23074	1744	23075	1587	23076	1587	23077	1431	23078	1431
2308	0	23081	2080	23082	1937	23083	1777	23084	1777	23085	1617	23086	1617	23087	1457	23088	1457
2309	0	23091	2120	23092	1974	23093	1810	23094	1810	23095	1646	23096	1646	23097	1483	23098	1483
2310	0	23101	2160	23102	2011	23103	1843	23104	1843	23105	1676	23106	1676	23107	1509	23108	1509
2311	0	23111	2200	23112	2048	23113	1877	23114	1877	23115	1706	23116	1706	23117	1535	23118	1535
2312	0	23121	2240	23122	2084	23123	1910	23124	1910	23125	1735	23126	1735	23127	1561	23128	1561
2313	0	23131	2280	23132	2121	23133	1943	23134	1943	23135	1765	23136	1765	23137	1587	23138	1587
2314	0	23141	2400	23142	2232	23143	2043	23144	2043	23145	1854	23146	1854	23147	1665	23148	1665
2315	0	23151	2500	23152	2324	23153	2126	23154	2126	23155	1928	23156	1928	23157	1730	23158	1730
2316	0	23161	2600	23162	2416	23163	2209	23164	2209	23165	2002	23166	2002	23167	1795	23168	1795
2401	0	24011	2140	24012	2020	24013	1885	24014	1885	24015	1750	24016	1750	24017	1615	24018	1615
2402	0	24021	2180	24022	2056	24023	1918	24024	1918	24025	1779	24026	1779	24027	1641	24028	1641
2403	0	24031	2220	24032	2093	24033	1951	24034	1951	24035	1809	24036	1809	24037	1667	24038	1667
2404	0	24041	2260	24042	2130	24043	1984	24044	1984	24045	1838	24046	1838	24047	1693	24048	1693
2405	0	24051	2300	24052	2167	24053	2017	24054	2017	24055	1868	24056	1868	24057	1719	24058	1719
2406	0	24061	2340	24062	2204	24063	2051	24064	2051	24065	1898	24066	1898	24067	1745	24068	1745
2407	0	24071	2380	24072	2240	24073	2084	24074	2084	24075	1927	24076	1927	24077	1771	24078	1771
2408	0	24081	2420	24082	2277	24083	2117	24084	2117	24085	1957	24086	1957	24087	1797	24088	1797
2409	0	24091	2460	24092	2314	24093	2150	24094	2150	24095	1986	24096	1986	24097	1823	24098	1823
2410	0	24101	2500	24102	2351	24103	2183	24104	2183	24105	2016	24106	2016	24107	1849	24108	1849
2411	0	24111	2540	24112	2388	24113	2217	24114	2217	24115	2046	24116	2046	24117	1875	24118	1875
2412	0	24121	2580	24122	2424	24123	2250	24124	2250	24125	2075	24126	2075	24127	1901	24128	1901
2413	0	24131	2620	24132	2461	24133	2283	24134	2283	24135	2105	24136	2105	24137	1927	24138	1927
2414	0	24141	2740	24142	2572	24143	2383	24144	2383	24145	2194	24146	2194	24147	2005	24148	2005
2415	0	24151	2840	24152	2664	24153	2466	24154	2466	24155	2268	24156	2268	24157	2070	24158	2070
2416	0	24161	2940	24162	2756	24163	2549	24164	2549	24165	2342	24166	2342	24167	2135	24168	2135
2501	0	25011	2540	25012	2420	25013	2285	25014	2285	25015	2150	25016	2150	25017	2015	25018	2015
2502	0	25021	2580	25022	2456	25023	2318	25024	2318	25025	2179	25026	2179	25027	2041	25028	2041
2503	0	25031	2620	25032	2493	25033	2351	25034	2351	25035	2209	25036	2209	25037	2067	25038	2067
2504	0	25041	2660	25042	2530	25043	2384	25044	2384	25045	2238	25046	2238	25047	2093	25048	2093
2505	0	25051	2700	25052	2567	25053	2417	25054	2417	25055	2268	25056	2268	25057	2119	25058	2119
2506	0	25061	2740	25062	2604	25063	2451	25064	2451	25065	2298	25066	2298	25067	2145	25068	2145
2507	0	25071	2780	25072	2640	25073	2484	25074	2484	25075	2327	25076	2327	25077	2171	25078	2171
2508	0	25081	2820	25082	2677	25083	2517	25084	2517	25085	2357	25086	2357	25087	2197	25088	2197
2509	0	25091	2860	25092	2714	25093	2550	25094	2550	25095	2386	25096	2386	25097	2223	25098	2223
2510	0	25101	2900	25102	2751	25103	2583	25104	2583	25105	2416	25106	2416	25107	2249	25108	2249
2511	0	25111	2940	25112	2788	25113	2617	25114	2617	25115	2446	25116	2446	25117	2275	25118	2275
2512	0	25121	2980	25122	2824	25123	2650	25124	2650	25125	2475	25126	2475	25127	2301	25128	2301
2513	0	25131	3020	25132	2861	25133	2683	25134	2683	25135	2505	25136	2505	25137	2327	25138	2327
2514	0	25141	3140	25142	2972	25143	2783	25144	2783	25145	2594	25146	2594	25147	2405	25148	2405
2515	0	25151	3240	25152	3064	25153	2866	25154	2866	25155	2668	25156	2668	25157	2470	25158	2470
2516	0	25161	3340	25162	3156	25163	2949	25164	2949	25165	2742	25166	2742	25167	2535	25168	2535
2601	0	26011	3060	26012	2815	26013	2815	26014	2540	26015	2540	26016	2540	26017	2264	26018	2264
2602	0	26021	3080	26022	2834	26023	2834	26024	2556	26025	2556	26026	2556	26027	2279	26028	2279
2603	0	26031	3100	26032	2852	26033	2852	26034	2573	26035	2573	26036	2573	26037	2294	26038	2294
2604	0	26041	3120	26042	2870	26043	2870	26044	2590	26045	2590	26046	2590	26047	2309	26048	2309
2605	0	26051	3140	26052	2889	26053	2889	26054	2606	26055	2606	26056	2606	26057	2324	26058	2324
2606	0	26061	3180	26062	2926	26063	2926	26064	2639	26065	2639	26066	2639	26067	2353	26068	2353
2607	0	26071	3200	26072	2944	26073	2944	26074	2656	26075	2656	26076	2656	26077	2368	26078	2368
2608	0	26081	3220	26082	2962	26083	2962	26084	2673	26085	2673	26086	2673	26087	2383	26088	2383
2609	0	26091	3240	26092	2981	26093	2981	26094	2689	26095	2689	26096	2689	26097	2398	26098	2398
2610	0	26101	3260	26102	2999	26103	2999	26104	2706	26105	2706	26106	2706	26107	2412	26108	2412
2611	0	26111	3280	26112	3018	26113	3018	26114	2722	26115	2722	26116	2722	26117	2427	26118	2427
2612	0	26121	3320	26122	3054	26123	3054	26124	2756	26125	2756	26126	2756	26127	2457	26128	2457
2613	0	26131	3360	26132	3091	26133	3091	26134	2789	26135	2789	26136	2789	26137	2486	26138	2486
2614	0	26141	3400	26142	3128	26143	3128	26144	2822	26145	2822	26146	2822	26147	2516	26148	2516
2615	0	26151	3440	26152	3165	26153	3165	26154	2855	26155	2855	26156	2855	26157	2546	26158	2546
2616	0	26161	3520	26162	3238	26163	3238	26164	2922	26165	2922	26166	2922	26167	2605	26168	2605
2701	0	27011	3320	27012	3054	27013	3054	27014	2756	27015	2756	27016	2756	27017	2457	27018	2457
2702	0	27021	3350	27022	3082	27023	3082	27024	2781	27025	2781	27027	2781	27027	2479	27028	2479
2703	0	27031	3380	27032	3110	27033	3110	27034	2805	27035	2805	27036	2805	27037	2501	27038	2501
2704	0	27041	3410	27042	3137	27043	3137	27044	2830	27045	2830	27046	2830	27047	2523	27048	2523
2705	0	27051	3440	27052	3165	27053	3165	27054	2855	27055	2855	27056	2855	27057	2546	27058	2546
2706	0	27061	3490	27062	3211	27063	3211	27064	2897	27065	2897	27066	2897	27067	2583	27068	2583
2707	0	27071	3470	27072	3192	27073	3192	27074	2880	27075	2880	27076	2880	27077	2568	27078	2568
2708	0	27081	3500	27082	3220	27083	3220	27084	2905	27085	2905	27086	2905	27087	2590	27088	2590
2709	0	27091	3530	27092	3248	27093	3248	27094	2930	27095	2930	27096	2930	27097	2612	27098	2612
2710	0	27101	3560	27102	3275	27103	3275	27104	2955	27105	2955	27106	2955	27107	2634	27108	2634
2711	0	27111	3590	27112	3303	27113	3303	27114	2980	27115	2980	27116	2980	27117	2657	27118	2657
2712	0	27121	3640	27122	3349	27123	3349	27124	3021	27125	3021	27126	3021	27127	2694	27128	2694
2713	0	27131	3690	27132	3395	27133	3395	27134	3063	27135	3063	27136	3063	27137	2731	27138	2731
2714	0	27141	3740	27142	3441	27143	3441	27144	3104	27145	3104	27146	3104	27147	2768	27148	2768
2715	0	27151	3750	27152	3450	27153	3450	27154	3113	27155	3113	27156	3113	27157	2775	27158	2775
2716	0	27161	3850	27162	3542	27163	3542	27164	3196	27165	3196	27166	3196	27167	2849	27168	2849
2801	0	28011	4316	28012	3970	28013	3970	28014	3583	28015	3583	28016	3583	28017	3194	28018	3194
2802	0	28021	4355	28022	4007	28023	4007	28024	3615	28025	3615	28026	3615	28027	3223	28028	3223
2803	0	28031	4394	28032	4043	28033	4043	28034	3647	28035	3647	28036	3647	28037	3251	28038	3251
2804	0	28041	4433	28042	4078	28043	4078	28044	3679	28045	3679	28046	3679	28047	3280	28048	3280
2805	0	28051	4472	28052	4115	28053	4115	28054	3712	28055	3712	28056	3712	28057	3310	28058	3310
2806	0	28061	4537	28062	4174	28063	4174	28064	3766	28065	3766	28066	3766	28067	3358	28068	3358
2807	0	28071	4511	28072	4150	28073	4150	28074	3744	28075	3744	28076	3744	28077	3338	28078	3338
2808	0	28081	4550	28082	4186	28083	4186	28084	3777	28085	3777	28086	3777	28087	3367	28088	3367
2809	0	28091	4589	28092	4222	28093	4222	28094	3809	28095	3809	28096	3809	28097	3396	28098	3396
2810	0	28101	4628	28102	4258	28103	4258	28104	3842	28105	3842	28106	3842	28107	3424	28108	3424
2811	0	28111	4667	28112	4294	28113	4294	28114	3874	28115	3874	28116	3874	28117	3454	28118	3454
2812	0	28121	4732	28122	4354	28123	4354	28124	3928	28125	3928	28126	3928	28128	3502	28128	3502
2813	0	28131	4797	28132	4414	28133	4414	28134	3982	28135	3982	28136	3982	28137	3550	28138	3550
2814	0	28141	4862	28142	4473	28143	4473	28144	4035	28145	4035	28146	4035	28147	3598	28148	3598
2815	0	28151	4875	28152	4485	28153	4485	28154	4047	28155	4047	28156	4047	28157	3608	28158	3608
2816	0	28161	5005	28162	4605	28163	4605	28164	4155	28165	4155	28166	4155	28167	3704	28168	3704
2901	0	29011	5316	29012	4970	29013	4970	29014	4583	29015	4583	29016	4583	29017	4194	29018	4194
2902	0	29021	5355	29022	5007	29023	5007	29024	4615	29025	4615	29026	4615	29027	4223	29028	4223
2903	0	29031	5394	29032	5043	29033	5043	29034	4647	29035	4647	29036	4647	29037	4251	29038	4251
2904	0	29041	5433	29042	5078	29043	5078	29044	4679	29045	4679	29046	4679	29047	4290	29048	4290
2905	0	29051	5472	29052	5115	29053	5115	29054	4712	29055	4712	29056	4712	29057	4310	29058	4310
2906	0	29061	5537	29062	5174	29063	5174	29064	4766	29065	4766	29066	4766	29067	4358	29068	4358
2907	0	29071	5511	29072	5150	29073	5150	29074	4744	29075	4744	29076	4744	29077	4338	29078	4338
2908	0	29081	5550	29082	5186	29083	5186	29084	4777	29085	4777	29086	4777	29087	4367	29088	4367
2909	0	29091	5589	29092	5222	29093	5222	29094	4809	29095	4809	29096	4809	29097	4396	29098	4396
2910	0	29101	5629	29102	5258	29103	5258	29104	4842	29105	4842	29106	4842	29107	4424	29108	4424
2911	0	29111	5667	29112	5294	29113	5294	29114	4874	29115	4874	29116	4874	29117	4454	29118	4454
2912	0	29121	5732	29122	5354	29123	5354	29124	4929	29125	4929	29126	4929	29129	4502	29129	4502
2913	0	29131	5797	29132	5414	29133	5414	29134	4982	29135	4982	29136	4982	29137	4550	29138	4550
2914	0	29141	5862	29142	5473	29143	5473	29144	5035	29145	5035	29146	5035	29147	4598	29148	4598
2915	0	29151	5875	29152	5485	29153	5485	29154	5047	29155	5047	29156	5047	29157	4608	29158	4608
2916	0	29161	6005	29162	5605	29163	5605	29164	5155	29165	5155	29166	5155	29167	4704	29168	4704
3001	0	30011	6316	30012	5970	30013	5970	30014	5583	30015	5583	30016	5583	30017	5194	30018	5194
3002	0	30021	6355	30022	6007	30023	6007	30024	5615	30025	5615	30026	5615	30027	5223	30028	5223
3003	0	30031	6394	30032	6043	30033	6043	30034	5647	30035	5647	30036	5647	30037	5251	30038	5251
3004	0	30041	6433	30042	6078	30043	6078	30044	5679	30045	5679	30046	5679	30047	5300	30048	5300
3005	0	30051	6472	30052	6115	30053	6115	30054	5712	30055	5712	30056	5712	30057	5310	30058	5310
3006	0	30061	6537	30062	6174	30063	6174	30064	5766	30065	5766	30066	5766	30067	5358	30068	5358
3007	0	30071	6511	30072	6150	30073	6150	30074	5744	30075	5744	30076	5744	30077	5338	30078	5338
3008	0	30081	6550	30082	6186	30083	6186	30084	5777	30085	5777	30086	5777	30087	5367	30088	5367
3009	0	30091	6589	30092	6222	30093	6222	30094	5809	30095	5809	30096	5809	30097	5396	30098	5396
3010	0	30101	6630	30102	6258	30103	6258	30104	5842	30105	5842	30106	5842	30107	5424	30108	5424
3011	0	30111	6667	30112	6304	30113	6304	30114	5874	30115	5874	30116	5874	30117	5454	30118	5454
3012	0	30121	6732	30122	6354	30123	6354	30124	5930	30125	5930	30126	5930	30127	5502	30128	5502
3013	0	30131	6797	30132	6414	30133	6414	30134	5982	30135	5982	30136	5982	30137	5550	30138	5550
3014	0	30141	6862	30142	6473	30143	6473	30144	6035	30145	6035	30146	6035	30147	5598	30148	5598
3015	0	30151	6875	30152	6485	30153	6485	30154	6047	30155	6047	30156	6047	30157	5608	30158	5608
3016	0	30161	7005	30162	6605	30163	6605	30164	6155	30165	6155	30166	6155	30167	5704	30168	5704
100101	0	1021	7	1022	5	0	0	0	0	0	0	0	0	0	0	0	0
100102	0	1021	25	1022	16	0	0	0	0	0	0	0	0	0	0	0	0
100103	0	1031	25	1032	16	0	0	0	0	0	0	0	0	0	0	0	0
100104	0	1041	27	1042	16	0	0	0	0	0	0	0	0	0	0	0	0
100105	0	1051	27	1052	16	0	0	0	0	0	0	0	0	0	0	0	0
100106	0	1061	30	1062	19	0	0	0	0	0	0	0	0	0	0	0	0
100201	0	2011	27	2012	18	2013	13	0	0	0	0	0	0	0	0	0	0
100202	0	2021	28	2022	19	2023	13	0	0	0	0	0	0	0	0	0	0
100203	0	2031	31	2032	21	2033	15	0	0	0	0	0	0	0	0	0	0
100204	0	2041	31	2042	21	2043	15	0	0	0	0	0	0	0	0	0	0
100205	0	2051	33	2052	22	2053	16	0	0	0	0	0	0	0	0	0	0
100206	0	2061	34	2062	24	2063	16	0	0	0	0	0	0	0	0	0	0
100207	0	2071	36	2072	24	2073	18	0	0	0	0	0	0	0	0	0	0
100301	0	3011	42	3012	28	3013	21	0	0	0	0	0	0	0	0	0	0
100302	0	3021	43	3022	30	3023	21	0	0	0	0	0	0	0	0	0	0
100303	0	3031	45	3032	31	3033	22	0	0	0	0	0	0	0	0	0	0
100304	0	3041	48	3042	33	3043	24	0	0	0	0	0	0	0	0	0	0
100305	0	3051	49	3052	34	3053	24	0	0	0	0	0	0	0	0	0	0
100306	0	3061	51	3062	34	3063	25	0	0	0	0	0	0	0	0	0	0
100307	0	3071	52	3072	36	3073	25	0	0	0	0	0	0	0	0	0	0
100308	0	3081	58	3082	40	3083	28	0	0	0	0	0	0	0	0	0	0
100309	0	3091	61	3092	42	3093	30	0	0	0	0	0	0	0	0	0	0
100401	0	4011	74	4012	50	4013	36	0	0	0	0	0	0	0	0	0	0
100402	0	4021	76	4022	52	4023	38	0	0	0	0	0	0	0	0	0	0
100403	0	4031	78	4032	54	4033	38	0	0	0	0	0	0	0	0	0	0
100404	0	4041	88	4042	60	4043	44	0	0	0	0	0	0	0	0	0	0
100405	0	4051	86	4052	60	4053	42	0	0	0	0	0	0	0	0	0	0
100406	0	4061	88	4062	60	4063	44	0	0	0	0	0	0	0	0	0	0
100407	0	4071	90	4072	62	4073	44	0	0	0	0	0	0	0	0	0	0
100408	0	4081	92	4082	64	4083	46	0	0	0	0	0	0	0	0	0	0
100409	0	4091	94	4092	64	4093	46	0	0	0	0	0	0	0	0	0	0
100410	0	4101	98	4102	68	4103	52	0	0	0	0	0	0	0	0	0	0
100501	0	5011	92	5012	68	5013	58	5014	50	0	0	0	0	0	0	0	0
100502	0	5021	94	5022	68	5023	60	5024	50	0	0	0	0	0	0	0	0
100503	0	5031	96	5032	70	5033	62	5034	52	0	0	0	0	0	0	0	0
100504	0	5041	98	5042	72	5043	62	5044	52	0	0	0	0	0	0	0	0
100505	0	5051	100	5052	74	5053	64	5054	54	0	0	0	0	0	0	0	0
100506	0	5061	102	5062	74	5063	66	5064	56	0	0	0	0	0	0	0	0
100507	0	5071	104	5072	76	5073	66	5074	56	0	0	0	0	0	0	0	0
100508	0	5081	108	5082	78	5083	70	5084	58	0	0	0	0	0	0	0	0
100509	0	5091	112	5092	82	5093	72	5094	60	0	0	0	0	0	0	0	0
100510	0	5101	120	5102	88	5103	78	5104	66	0	0	0	0	0	0	0	0
100601	0	6011	122	6012	90	6013	78	6014	66	0	0	0	0	0	0	0	0
100602	0	6021	124	6022	90	6023	80	6024	68	0	0	0	0	0	0	0	0
100603	0	6031	126	6032	92	6033	80	6034	68	0	0	0	0	0	0	0	0
100604	0	6041	128	6042	94	6043	82	6044	70	0	0	0	0	0	0	0	0
100605	0	6051	132	6052	96	6053	84	6054	72	0	0	0	0	0	0	0	0
100606	0	6061	134	6062	98	6063	86	6064	72	0	0	0	0	0	0	0	0
100607	0	6071	136	6072	100	6073	88	6074	74	0	0	0	0	0	0	0	0
100608	0	6081	138	6082	102	6083	88	6084	74	0	0	0	0	0	0	0	0
100609	0	6091	140	6092	102	6093	90	6094	76	0	0	0	0	0	0	0	0
100610	0	6101	144	6102	106	6103	92	6104	78	0	0	0	0	0	0	0	0
100611	0	6111	148	6112	108	6113	96	6114	80	0	0	0	0	0	0	0	0
100612	0	6121	158	6122	116	6123	102	6124	86	0	0	0	0	0	0	0	0
100701	0	7011	150	7012	110	7013	110	7014	96	7015	82	0	0	0	0	0	0
100702	0	7021	152	7022	112	7023	112	7024	98	7025	82	0	0	0	0	0	0
100703	0	7031	154	7032	112	7033	112	7034	100	7035	84	0	0	0	0	0	0
100704	0	7041	156	7042	114	7043	114	7044	100	7045	84	0	0	0	0	0	0
100705	0	7051	162	7052	118	7053	118	7054	104	7055	88	0	0	0	0	0	0
100706	0	7061	160	7062	118	7063	118	7064	104	7065	88	0	0	0	0	0	0
100707	0	7071	162	7072	118	7073	118	7074	104	7075	88	0	0	0	0	0	0
100708	0	7081	164	7082	120	7083	120	7084	106	7085	90	0	0	0	0	0	0
100709	0	7091	166	7092	122	7093	122	7094	106	7095	90	0	0	0	0	0	0
100710	0	7101	172	7102	126	7103	126	7104	110	7105	94	0	0	0	0	0	0
100711	0	7111	178	7112	130	7113	130	7114	114	7115	96	0	0	0	0	0	0
100712	0	7121	182	7122	134	7123	134	7124	118	7125	100	0	0	0	0	0	0
100801	0	8011	180	8012	132	8013	132	8014	116	8015	98	0	0	0	0	0	0
100802	0	8021	182	8022	134	8023	134	8024	118	8025	100	0	0	0	0	0	0
100803	0	8031	184	8032	136	8033	136	8034	118	8035	100	0	0	0	0	0	0
100804	0	8041	186	8042	136	8043	136	8044	120	8045	102	0	0	0	0	0	0
100805	0	8051	190	8052	140	8053	140	8054	122	8055	104	0	0	0	0	0	0
100806	0	8061	188	8062	138	8063	138	8064	122	8065	102	0	0	0	0	0	0
100807	0	8071	190	8072	140	8073	140	8074	122	8075	104	0	0	0	0	0	0
100808	0	8081	192	8082	142	8083	142	8084	124	8085	104	0	0	0	0	0	0
100809	0	8091	194	8092	142	8093	142	8094	126	8095	106	0	0	0	0	0	0
100810	0	8101	202	8102	148	8103	148	8104	130	8105	110	0	0	0	0	0	0
100811	0	8111	202	8112	148	8113	148	8114	130	8115	110	0	0	0	0	0	0
100812	0	8121	210	8122	154	8123	154	8124	136	8125	114	0	0	0	0	0	0
100813	0	8131	216	8132	158	8133	158	8134	140	8135	118	0	0	0	0	0	0
100901	0	9011	159	9012	130	9013	117	9014	117	9015	102	9016	94	0	0	0	0
100902	0	9021	162	9022	133	9023	118	9024	118	9025	105	9026	96	0	0	0	0
100903	0	9031	165	9032	136	9033	121	9034	121	9035	106	9036	99	0	0	0	0
100904	0	9041	168	9042	138	9043	123	9044	123	9045	108	9046	100	0	0	0	0
100905	0	9051	171	9052	141	9053	126	9054	126	9055	111	9056	102	0	0	0	0
100906	0	9061	177	9062	145	9063	130	9064	130	9065	114	9066	105	0	0	0	0
100907	0	9071	175	9072	145	9073	129	9074	129	9075	114	9076	105	0	0	0	0
100908	0	9081	178	9082	147	9083	132	9084	132	9085	115	9086	106	0	0	0	0
100909	0	9091	181	9092	150	9093	133	9094	133	9095	117	9096	108	0	0	0	0
100910	0	9101	184	9102	153	9103	136	9104	136	9105	118	9106	109	0	0	0	0
100911	0	9111	187	9112	154	9113	138	9114	138	9115	121	9116	112	0	0	0	0
100912	0	9121	193	9122	160	9123	142	9124	142	9125	124	9126	115	0	0	0	0
100913	0	9131	190	9132	157	9133	139	9134	139	9135	123	9136	114	0	0	0	0
100914	0	9141	202	9142	168	9143	148	9144	148	9145	130	9146	121	0	0	0	0
101001	0	10011	193	10012	160	10013	160	10014	142	10015	142	10016	124	10017	115	0	0
101002	0	10021	196	10022	162	10023	162	10024	144	10025	144	10026	127	10027	117	0	0
101003	0	10031	199	10032	165	10033	165	10034	147	10035	147	10036	129	10037	118	0	0
101004	0	10041	202	10042	168	10043	168	10044	148	10045	148	10046	130	10047	121	0	0
101005	0	10051	205	10052	169	10053	169	10054	151	10055	151	10056	133	10057	123	0	0
101006	0	10061	213	10062	175	10063	175	10064	157	10065	157	10066	138	10067	127	0	0
101007	0	10071	210	10072	174	10073	174	10074	154	10075	154	10076	136	10077	126	0	0
101008	0	10081	213	10082	175	10083	175	10084	157	10085	157	10086	138	10087	127	0	0
101009	0	10091	216	10092	178	10093	178	10094	159	10095	159	10096	139	10097	129	0	0
101010	0	10101	219	10102	181	10103	181	10104	162	10105	162	10106	141	10107	130	0	0
101011	0	10111	222	10112	183	10113	183	10114	163	10115	163	10116	144	10117	132	0	0
101012	0	10121	229	10122	189	10123	189	10124	169	10125	169	10126	148	10127	136	0	0
101013	0	10131	228	10132	189	10133	189	10134	168	10135	168	10136	147	10137	136	0	0
101014	0	10141	235	10142	195	10143	195	10144	174	10145	174	10146	153	10147	141	0	0
101015	0	10151	249	10152	205	10153	205	10154	183	10155	183	10156	160	10157	148	0	0
101101	0	11011	238	11012	196	11013	196	11014	175	11015	175	11016	154	11017	142	0	0
101102	0	11021	243	11022	201	11023	201	11024	178	11025	178	11026	157	11027	145	0	0
101103	0	11031	247	11032	204	11033	204	11034	183	11035	183	11036	160	11037	148	0	0
101104	0	11041	252	11042	208	11043	208	11044	186	11045	186	11046	163	11047	150	0	0
101105	0	11051	256	11052	211	11053	211	11054	189	11055	189	11056	166	11057	153	0	0
101106	0	11061	265	11062	219	11063	219	11064	195	11065	195	11066	172	11067	159	0	0
101107	0	11071	262	11072	217	11073	217	11074	193	11075	193	11076	169	11077	157	0	0
101108	0	11081	267	11082	220	11083	220	11084	196	11085	196	11086	172	11087	159	0	0
101109	0	11091	271	11092	225	11093	225	11094	199	11095	199	11096	175	11097	162	0	0
101110	0	11101	276	11102	228	11103	228	11104	204	11105	204	11106	178	11107	165	0	0
101111	0	11111	277	11112	229	11113	229	11114	204	11115	204	11116	180	11117	166	0	0
101112	0	11121	283	11122	234	11123	234	11124	208	11125	208	11126	183	11127	169	0	0
101113	0	11131	291	11132	241	11133	241	11134	214	11135	214	11136	189	11137	174	0	0
101114	0	11141	298	11142	247	11143	247	11144	220	11145	220	11146	193	11147	178	0	0
101115	0	11151	313	11152	259	11153	259	11154	231	11155	231	11156	202	11157	187	0	0
101201	0	12011	301	12012	249	12013	249	12014	222	12015	222	12016	195	12017	180	12018	180
101202	0	12021	306	12022	253	12023	253	12024	225	12025	225	12026	198	12027	183	12028	183
101203	0	12031	310	12032	256	12033	256	12034	229	12035	229	12036	201	12037	186	12038	186
101204	0	12041	315	12042	261	12043	261	12044	232	12045	232	12046	204	12047	189	12048	189
101205	0	12051	322	12052	267	12053	267	12054	238	12055	238	12056	208	12057	193	12058	193
101206	0	12061	321	12062	265	12063	265	12064	237	12065	237	12066	208	12067	192	12068	192
101207	0	12071	327	12072	270	12073	270	12074	241	12075	241	12076	211	12077	195	12078	195
101208	0	12081	333	12082	276	12083	276	12084	246	12085	246	12086	216	12087	199	12088	199
101209	0	12091	339	12092	280	12093	280	12094	250	12095	250	12096	219	12097	202	12098	202
101210	0	12101	351	12102	291	12103	291	12104	259	12105	259	12106	228	12107	210	12108	210
101211	0	12111	346	12112	286	12113	286	12114	255	12115	255	12116	225	12117	207	12118	207
101212	0	12121	358	12122	297	12123	297	12124	264	12125	264	12126	232	12127	214	12128	214
101213	0	12131	370	12132	307	12133	307	12134	273	12135	273	12136	240	12137	222	12138	222
101214	0	12141	378	12142	313	12143	313	12144	279	12145	279	12146	244	12147	226	12148	226
101215	0	12151	394	12152	327	12153	327	12154	291	12155	291	12156	255	12157	235	12158	235
101301	0	13011	388	13012	357	13013	321	13014	321	13015	286	13016	286	13017	252	13018	252
101302	0	13021	393	13022	361	13023	325	13024	325	13025	289	13026	289	13027	255	13028	255
101303	0	13031	397	13032	364	13033	328	13034	328	13035	294	13036	294	13037	258	13038	258
101304	0	13041	403	13042	370	13043	334	13044	334	13045	298	13046	298	13047	261	13048	261
101305	0	13051	406	13052	373	13053	336	13054	336	13055	300	13056	300	13057	264	13058	264
101306	0	13061	411	13062	378	13063	340	13064	340	13065	303	13066	303	13067	267	13068	267
101307	0	13071	415	13072	381	13073	343	13074	343	13075	306	13076	306	13077	270	13078	270
101308	0	13081	418	13082	384	13083	346	13084	346	13085	309	13086	309	13087	271	13088	271
101309	0	13091	421	13092	387	13093	349	13094	349	13095	310	13096	310	13097	273	13098	273
101310	0	13101	426	13102	391	13103	352	13104	352	13105	315	13106	315	13107	276	13108	276
101311	0	13111	430	13112	396	13113	357	13114	357	13115	318	13116	318	13117	279	13118	279
101312	0	13121	441	13122	405	13123	366	13124	366	13125	325	13126	325	13127	286	13128	286
101313	0	13131	450	13132	414	13133	373	13134	373	13135	333	13136	333	13137	292	13138	292
101314	0	13141	459	13142	421	13143	379	13144	379	13145	339	13146	339	13147	297	13148	297
101315	0	13151	463	13152	426	13153	384	13154	384	13155	342	13156	342	13157	300	13158	300
101316	0	13161	501	13162	460	13163	415	13164	415	13165	370	13166	370	13167	325	13168	325
101401	0	14011	478	14012	439	14013	396	14014	396	14015	354	14016	354	14017	310	14018	310
101402	0	14021	483	14022	444	14023	400	14024	400	14025	357	14026	357	14027	313	14028	313
101403	0	14031	486	14032	447	14033	402	14034	402	14035	358	14036	358	14037	315	14038	315
101404	0	14041	490	14042	450	14043	406	14044	406	14045	361	14046	361	14047	318	14048	318
101405	0	14051	495	14052	454	14053	409	14054	409	14055	366	14056	366	14057	321	14058	321
101406	0	14061	501	14062	460	14063	415	14064	415	14065	370	14066	370	14067	325	14068	325
101407	0	14071	504	14072	463	14073	417	14074	417	14075	372	14076	372	14077	327	14078	327
101408	0	14081	508	14082	466	14083	421	14084	421	14085	375	14086	375	14087	330	14088	330
101409	0	14091	513	14092	471	14093	424	14094	424	14095	379	14096	379	14097	333	14098	333
101410	0	14101	517	14102	475	14103	429	14104	429	14105	382	14106	382	14107	336	14108	336
101411	0	14111	522	14112	480	14113	432	14114	432	14115	385	14116	385	14117	339	14118	339
101412	0	14121	528	14122	484	14123	438	14124	438	14125	390	14126	390	14127	342	14128	342
101413	0	14131	534	14132	490	14133	442	14134	442	14135	394	14136	394	14137	346	14138	346
101414	0	14141	543	14142	499	14143	450	14144	450	14145	400	14146	400	14147	352	14148	352
101415	0	14151	550	14152	505	14153	456	14154	456	14155	406	14156	406	14157	357	14158	357
101416	0	14161	583	14162	535	14163	483	14164	483	14165	430	14166	430	14167	378	14168	378
101501	0	15011	541	15012	498	15013	448	15014	448	15015	400	15016	400	15017	351	15018	351
101502	0	15021	543	15022	499	15023	450	15024	450	15025	400	15026	400	15027	352	15028	352
101503	0	15031	544	15032	499	15033	451	15034	451	15035	402	15036	402	15037	352	15038	352
101504	0	15041	547	15042	502	15043	453	15044	453	15045	405	15046	405	15047	355	15048	355
101505	0	15051	549	15052	504	15053	454	15054	454	15055	405	15056	405	15057	355	15058	355
101506	0	15061	550	15062	505	15063	456	15064	456	15065	406	15066	406	15067	357	15068	357
101507	0	15071	552	15072	507	15073	457	15074	457	15075	408	15076	408	15077	358	15078	358
101508	0	15081	553	15082	508	15083	459	15084	459	15085	409	15086	409	15087	358	15088	358
101509	0	15091	555	15092	510	15093	460	15094	460	15095	409	15096	409	15097	360	15098	360
101510	0	15101	556	15102	511	15103	460	15104	460	15105	411	15106	411	15107	361	15108	361
101511	0	15111	558	15112	513	15113	462	15114	462	15115	412	15116	412	15117	361	15118	361
101512	0	15121	559	15122	514	15123	463	15124	463	15125	414	15126	414	15127	363	15128	363
101513	0	15131	561	15132	516	15133	465	15134	465	15135	414	15136	414	15137	364	15138	364
101514	0	15141	568	15142	522	15143	471	15144	471	15145	420	15146	420	15147	369	15148	369
101515	0	15151	573	15152	526	15153	475	15154	475	15155	423	15156	423	15157	372	15158	372
101516	0	15161	570	15162	523	15163	472	15164	472	15165	421	15166	421	15167	370	15168	370
101601	0	16011	571	16012	525	16013	474	16014	474	16015	421	16016	421	16017	370	16018	370
101602	0	16021	573	16022	526	16023	475	16024	475	16025	423	16026	423	16027	372	16028	372
101603	0	16031	576	16032	529	16033	477	16034	477	16035	426	16036	426	16037	373	16038	373
101604	0	16041	577	16042	531	16043	478	16044	478	16045	426	16046	426	16047	375	16048	375
101605	0	16051	579	16052	532	16053	480	16054	480	16055	427	16056	427	16057	375	16058	375
101606	0	16061	580	16062	534	16063	481	16064	481	16065	429	16066	429	16067	376	16068	376
101607	0	16071	582	16072	534	16073	483	16074	483	16075	430	16076	430	16077	378	16078	378
101608	0	16081	583	16082	535	16083	483	16084	483	16085	430	16086	430	16087	378	16088	378
101609	0	16091	585	16092	537	16093	484	16094	484	16095	432	16096	432	16097	379	16098	379
101610	0	16101	586	16102	538	16103	486	16104	486	16105	433	16106	433	16107	381	16108	381
101611	0	16111	588	16112	540	16113	487	16114	487	16115	435	16116	435	16117	381	16118	381
101612	0	16121	589	16122	541	16123	489	16124	489	16125	435	16126	435	16127	382	16128	382
101613	0	16131	591	16132	543	16133	490	16134	490	16135	436	16136	436	16137	384	16138	384
101614	0	16141	592	16142	544	16143	490	16144	490	16145	438	16146	438	16147	384	16148	384
101615	0	16151	594	16152	546	16153	492	16154	492	16155	439	16156	439	16157	385	16158	385
101616	0	16161	595	16162	547	16163	493	16164	493	16165	439	16166	439	16167	387	16168	387
101701	0	17011	597	17012	549	17013	495	17014	495	17015	441	17016	441	17017	387	17018	387
101702	0	17021	600	17022	552	17023	498	17024	498	17025	444	17026	444	17027	390	17028	390
101703	0	17031	601	17032	552	17033	498	17034	498	17035	444	17036	444	17037	390	17038	390
101704	0	17041	603	17042	553	17043	499	17044	499	17045	445	17046	445	17047	391	17048	391
101705	0	17051	604	17052	555	17053	501	17054	501	17055	447	17056	447	17057	391	17058	391
101706	0	17061	606	17062	556	17063	502	17064	502	17065	447	17066	447	17067	393	17068	393
101707	0	17071	607	17072	558	17073	504	17074	504	17075	448	17076	448	17077	394	17078	394
101708	0	17081	609	17082	559	17083	504	17084	504	17085	450	17086	450	17087	394	17088	394
101709	0	17091	610	17092	561	17093	505	17094	505	17095	451	17096	451	17097	396	17098	396
101710	0	17101	612	17102	562	17103	507	17104	507	17105	451	17106	451	17107	397	17108	397
101711	0	17111	613	17112	564	17113	508	17114	508	17115	453	17116	453	17117	397	17118	397
101712	0	17121	628	17122	577	17123	520	17124	520	17125	465	17126	465	17127	408	17128	408
101713	0	17131	643	17132	591	17133	534	17134	534	17135	475	17136	475	17137	417	17138	417
101714	0	17141	658	17142	604	17143	546	17144	546	17145	486	17146	486	17147	427	17148	427
101715	0	17151	673	17152	619	17153	558	17154	558	17155	498	17156	498	17157	436	17158	436
101716	0	17161	688	17162	633	17163	570	17164	570	17165	508	17166	508	17167	447	17168	447
101801	0	18011	670	18012	616	18013	555	18014	555	18015	495	18016	495	18017	435	18018	435
101802	0	18021	684	18022	628	18023	567	18024	567	18025	505	18026	505	18027	443	18028	443
101803	0	18031	698	18032	642	18033	579	18034	579	18035	516	18036	516	18037	453	18038	453
101804	0	18041	712	18042	655	18043	590	18044	590	18045	526	18046	526	18047	462	18048	462
101805	0	18051	726	18052	667	18053	602	18054	602	18055	537	18056	537	18057	471	18058	471
101806	0	18061	740	18062	680	18063	614	18064	614	18065	547	18066	547	18067	480	18068	480
101807	0	18071	754	18072	693	18073	625	18074	625	18075	557	18076	557	18077	490	18078	490
101808	0	18081	768	18082	707	18083	637	18084	637	18085	568	18086	568	18087	498	18088	498
101809	0	18091	782	18092	719	18093	648	18094	648	18095	578	18096	578	18097	508	18098	508
101810	0	18101	796	18102	732	18103	660	18104	660	18105	589	18106	589	18107	516	18108	516
101811	0	18111	810	18112	744	18113	672	18114	672	18115	599	18116	599	18117	526	18118	526
101812	0	18121	824	18122	757	18123	683	18124	683	18125	609	18126	609	18127	534	18128	534
101813	0	18131	838	18132	771	18133	695	18134	695	18135	620	18136	620	18137	544	18138	544
101814	0	18141	852	18142	784	18143	707	18144	707	18145	630	18146	630	18147	553	18148	553
101815	0	18151	866	18152	796	18153	718	18154	718	18155	641	18156	641	18157	562	18158	562
101816	0	18161	894	18162	821	18163	742	18164	742	18165	660	18166	660	18167	581	18168	581
101901	0	19011	908	19012	835	19013	753	19014	753	19015	672	19016	672	19017	589	19018	589
101902	0	19021	922	19022	848	19023	764	19024	764	19025	681	19026	681	19027	599	19028	599
101903	0	19031	936	19032	861	19033	777	19034	777	19035	693	19036	693	19037	607	19038	607
101904	0	19041	950	19042	873	19043	788	19044	788	19045	702	19046	702	19047	617	19048	617
101905	0	19051	964	19052	886	19053	799	19054	799	19055	712	19056	712	19057	625	19058	625
101906	0	19061	978	19062	900	19063	812	19064	812	19065	723	19066	723	19067	635	19068	635
101907	0	19071	992	19072	912	19073	823	19074	823	19075	733	19076	733	19077	644	19078	644
101908	0	19081	1006	19082	925	19083	834	19084	834	19085	744	19086	744	19087	653	19088	653
101909	0	19091	1020	19092	938	19093	847	19094	847	19095	754	19096	754	19097	662	19098	662
101910	0	19101	1034	19102	950	19103	858	19104	858	19105	764	19106	764	19107	672	19108	672
101911	0	19111	1055	19112	970	19113	875	19114	875	19115	779	19116	779	19117	686	19118	686
101912	0	19121	1076	19122	989	19123	893	19124	893	19125	796	19126	796	19127	698	19128	698
101913	0	19131	1097	19132	1009	19133	910	19134	910	19135	812	19136	812	19137	712	19138	712
101914	0	19141	1118	19142	1029	19143	928	19144	928	19145	827	19146	827	19147	726	19148	726
101915	0	19151	1160	19152	1066	19153	963	19154	963	19155	858	19156	858	19157	753	19158	753
101916	0	19161	1181	19162	1086	19163	980	19164	980	19165	873	19166	873	19167	767	19168	767
102001	0	20011	1202	20012	1106	20013	996	20014	996	20015	889	20016	889	20017	781	20018	781
102002	0	20021	1223	20022	1125	20023	1015	20024	1015	20025	904	20026	904	20027	795	20028	795
102003	0	20031	1244	20032	1143	20033	1031	20034	1031	20035	919	20036	919	20037	807	20038	807
102004	0	20041	1265	20042	1163	20043	1050	20044	1050	20045	935	20046	935	20047	821	20048	821
102005	0	20051	1286	20052	1183	20053	1066	20054	1066	20055	952	20056	952	20057	835	20058	835
102006	0	20061	1307	20062	1202	20063	1085	20064	1085	20065	967	20066	967	20067	849	20068	849
102007	0	20071	1328	20072	1222	20073	1101	20074	1101	20075	982	20076	982	20077	862	20078	862
102008	0	20081	1349	20082	1240	20083	1120	20084	1120	20085	998	20086	998	20087	876	20088	876
102009	0	20091	1370	20092	1260	20093	1136	20094	1136	20095	1013	20096	1013	20097	890	20098	890
102010	0	20101	1398	20102	1286	20103	1160	20104	1160	20105	1034	20106	1034	20107	908	20108	908
102011	0	20111	1426	20112	1311	20113	1183	20114	1183	20115	1055	20116	1055	20117	926	20118	926
102012	0	20121	1454	20122	1337	20123	1206	20124	1206	20125	1075	20126	1075	20127	945	20128	945
102013	0	20131	1482	20132	1363	20133	1229	20134	1229	20135	1096	20136	1096	20137	963	20138	963
102014	0	20141	1538	20142	1415	20143	1276	20144	1276	20145	1138	20146	1138	20147	999	20148	999
102015	0	20151	1566	20152	1440	20153	1299	20154	1299	20155	1159	20156	1159	20157	1017	20158	1017
102016	0	20161	1594	20162	1465	20163	1323	20164	1323	20165	1178	20166	1178	20167	1036	20168	1036
102101	0	21011	1622	21012	1492	21013	1345	21014	1345	21015	1199	21016	1199	21017	1054	21018	1054
102102	0	21021	1650	21022	1517	21023	1369	21024	1369	21025	1220	21026	1220	21027	1072	21028	1072
102103	0	21031	1678	21032	1544	21033	1393	21034	1393	21035	1241	21036	1241	21037	1090	21038	1090
102104	0	21041	1706	21042	1569	21043	1415	21044	1415	21045	1262	21046	1262	21047	1108	21048	1108
102105	0	21051	1734	21052	1594	21053	1439	21054	1439	21055	1282	21056	1282	21057	1127	21058	1127
102106	0	21061	1762	21062	1621	21063	1461	21064	1461	21065	1303	21066	1303	21067	1145	21068	1145
102107	0	21071	1790	21072	1646	21073	1485	21074	1485	21075	1324	21076	1324	21077	1163	21078	1163
102108	0	21081	1818	21082	1673	21083	1509	21084	1509	21085	1345	21086	1345	21087	1181	21088	1181
102109	0	21091	1846	21092	1698	21093	1531	21094	1531	21095	1366	21096	1366	21097	1199	21098	1199
102110	0	21101	1874	21102	1723	21103	1555	21104	1555	21105	1386	21106	1386	21107	1218	21108	1218
102111	0	21111	1902	21112	1750	21113	1577	21114	1577	21115	1407	21116	1407	21117	1236	21118	1236
102112	0	21121	1930	21122	1775	21123	1601	21124	1601	21125	1428	21126	1428	21127	1254	21128	1254
102113	0	21131	1986	21132	1827	21133	1647	21134	1647	21135	1470	21136	1470	21137	1290	21138	1290
102114	0	21141	2014	21142	1852	21143	1671	21144	1671	21145	1489	21146	1489	21147	1309	21148	1309
102115	0	21151	2042	21152	1878	21153	1694	21154	1694	21155	1510	21156	1510	21157	1327	21158	1327
102116	0	21161	2070	21162	1904	21163	1717	21164	1717	21165	1531	21166	1531	21167	1345	21168	1345
102201	0	22011	2098	22012	1930	22013	1741	22014	1741	22015	1552	22016	1552	22017	1363	22018	1363
102202	0	22021	2154	22022	1981	22023	1787	22024	1787	22025	1593	22026	1593	22027	1400	22028	1400
102203	0	22031	2210	22032	2032	22033	1834	22034	1834	22035	1635	22036	1635	22037	1436	22038	1436
102204	0	22041	2266	22042	2084	22043	1880	22044	1880	22045	1677	22046	1677	22047	1472	22048	1472
102205	0	22051	2322	22052	2136	22053	1926	22054	1926	22055	1717	22056	1717	22057	1509	22058	1509
102206	0	22061	2378	22062	2188	22063	1974	22064	1974	22065	1759	22066	1759	22067	1545	22068	1545
102207	0	22071	2434	22072	2238	22073	2020	22074	2020	22075	1800	22076	1800	22077	1582	22078	1582
102208	0	22081	2490	22082	2290	22083	2066	22084	2066	22085	1842	22086	1842	22087	1618	22088	1618
102209	0	22091	2546	22092	2342	22093	2112	22094	2112	22095	1884	22096	1884	22097	1654	22098	1654
102210	0	22101	2602	22102	2394	22103	2158	22104	2158	22105	1925	22106	1925	22107	1691	22108	1691
102211	0	22111	2658	22112	2445	22113	2206	22114	2206	22115	1967	22116	1967	22117	1727	22118	1727
102212	0	22121	2714	22122	2496	22123	2252	22124	2252	22125	2007	22126	2007	22127	1764	22128	1764
102213	0	22131	2770	22132	2548	22133	2298	22134	2298	22135	2049	22136	2049	22137	1800	22138	1800
102214	0	22141	2938	22142	2703	22143	2438	22144	2438	22145	2174	22146	2174	22147	1909	22148	1909
102215	0	22151	3078	22152	2832	22153	2555	22154	2555	22155	2277	22156	2277	22157	2000	22158	2000
102216	0	22161	3218	22162	2961	22163	2671	22164	2671	22165	2381	22166	2381	22167	2091	22168	2091
102301	0	23011	2340	23012	2184	23013	2008	23014	2008	23015	1833	23016	1833	23017	1657	23018	1657
102302	0	23021	2392	23022	2230	23023	2051	23024	2051	23025	1870	23026	1870	23027	1691	23028	1691
102303	0	23031	2444	23032	2278	23033	2094	23034	2094	23035	1909	23036	1909	23037	1725	23038	1725
102304	0	23041	2496	23042	2327	23043	2137	23044	2137	23045	1947	23046	1947	23047	1758	23048	1758
102305	0	23051	2548	23052	2375	23053	2180	23054	2180	23055	1986	23056	1986	23057	1792	23058	1792
102306	0	23061	2600	23062	2423	23063	2224	23064	2224	23065	2025	23066	2025	23067	1826	23068	1826
102307	0	23071	2652	23072	2470	23073	2267	23074	2267	23075	2063	23076	2063	23077	1860	23078	1860
102308	0	23081	2704	23082	2518	23083	2310	23084	2310	23085	2102	23086	2102	23087	1894	23088	1894
102309	0	23091	2756	23092	2566	23093	2353	23094	2353	23095	2139	23096	2139	23097	1927	23098	1927
102310	0	23101	2808	23102	2614	23103	2395	23104	2395	23105	2178	23106	2178	23107	1961	23108	1961
102311	0	23111	2860	23112	2662	23113	2440	23114	2440	23115	2217	23116	2217	23117	1995	23118	1995
102312	0	23121	2912	23122	2709	23123	2483	23124	2483	23125	2255	23126	2255	23127	2029	23128	2029
102313	0	23131	2964	23132	2757	23133	2525	23134	2525	23135	2294	23136	2294	23137	2063	23138	2063
102314	0	23141	3120	23142	2901	23143	2655	23144	2655	23145	2410	23146	2410	23147	2164	23148	2164
102315	0	23151	3250	23152	3021	23153	2763	23154	2763	23155	2506	23156	2506	23157	2249	23158	2249
102316	0	23161	3380	23162	3140	23163	2871	23164	2871	23165	2602	23166	2602	23167	2333	23168	2333
102401	0	24011	2782	24012	2626	24013	2450	24014	2450	24015	2275	24016	2275	24017	2099	24018	2099
102402	0	24021	2834	24022	2672	24023	2493	24024	2493	24025	2312	24026	2312	24027	2133	24028	2133
102403	0	24031	2886	24032	2720	24033	2536	24034	2536	24035	2351	24036	2351	24037	2167	24038	2167
102404	0	24041	2938	24042	2769	24043	2579	24044	2579	24045	2389	24046	2389	24047	2200	24048	2200
102405	0	24051	2990	24052	2817	24053	2622	24054	2622	24055	2428	24056	2428	24057	2234	24058	2234
102406	0	24061	3042	24062	2865	24063	2666	24064	2666	24065	2467	24066	2467	24067	2268	24068	2268
102407	0	24071	3094	24072	2912	24073	2709	24074	2709	24075	2505	24076	2505	24077	2302	24078	2302
102408	0	24081	3146	24082	2960	24083	2752	24084	2752	24085	2544	24086	2544	24087	2336	24088	2336
102409	0	24091	3198	24092	3008	24093	2795	24094	2795	24095	2581	24096	2581	24097	2369	24098	2369
102410	0	24101	3250	24102	3056	24103	2837	24104	2837	24105	2620	24106	2620	24107	2403	24108	2403
102411	0	24111	3302	24112	3104	24113	2882	24114	2882	24115	2659	24116	2659	24117	2437	24118	2437
102412	0	24121	3354	24122	3151	24123	2925	24124	2925	24125	2697	24126	2697	24127	2471	24128	2471
102413	0	24131	3406	24132	3199	24133	2967	24134	2967	24135	2736	24136	2736	24137	2505	24138	2505
102414	0	24141	3562	24142	3343	24143	3097	24144	3097	24145	2852	24146	2852	24147	2606	24148	2606
102415	0	24151	3692	24152	3463	24153	3205	24154	3205	24155	2948	24156	2948	24157	2691	24158	2691
102416	0	24161	3822	24162	3582	24163	3313	24164	3313	24165	3044	24166	3044	24167	2775	24168	2775
102501	0	25011	3302	25012	3146	25013	2970	25014	2970	25015	2795	25016	2795	25017	2619	25018	2619
102502	0	25021	3354	25022	3192	25023	3013	25024	3013	25025	2832	25026	2832	25027	2653	25028	2653
102503	0	25031	3406	25032	3240	25033	3056	25034	3056	25035	2871	25036	2871	25037	2687	25038	2687
102504	0	25041	3458	25042	3289	25043	3099	25044	3099	25045	2909	25046	2909	25047	2720	25048	2720
102505	0	25051	3510	25052	3337	25053	3142	25054	3142	25055	2948	25056	2948	25057	2754	25058	2754
102506	0	25061	3562	25062	3385	25063	3186	25064	3186	25065	2987	25066	2987	25067	2788	25068	2788
102507	0	25071	3614	25072	3432	25073	3229	25074	3229	25075	3025	25076	3025	25077	2822	25078	2822
102508	0	25081	3666	25082	3480	25083	3272	25084	3272	25085	3064	25086	3064	25087	2856	25088	2856
102509	0	25091	3718	25092	3528	25093	3315	25094	3315	25095	3101	25096	3101	25097	2889	25098	2889
102510	0	25101	3770	25102	3576	25103	3357	25104	3357	25105	3140	25106	3140	25107	2923	25108	2923
102511	0	25111	3822	25112	3624	25113	3402	25114	3402	25115	3179	25116	3179	25117	2957	25118	2957
102512	0	25121	3874	25122	3671	25123	3445	25124	3445	25125	3217	25126	3217	25127	2991	25128	2991
102513	0	25131	3926	25132	3719	25133	3487	25134	3487	25135	3256	25136	3256	25137	3025	25138	3025
102514	0	25141	4082	25142	3863	25143	3617	25144	3617	25145	3372	25146	3372	25147	3126	25148	3126
102515	0	25151	4212	25152	3983	25153	3725	25154	3725	25155	3468	25156	3468	25157	3211	25158	3211
102516	0	25161	4342	25162	4102	25163	3833	25164	3833	25165	3564	25166	3564	25167	3295	25168	3295
102601	0	26011	3978	26012	3660	26013	3660	26014	3302	26015	3302	26016	3302	26017	2943	26018	2943
102602	0	26021	4004	26022	3684	26023	3684	26024	3323	26025	3323	26026	3323	26027	2963	26028	2963
102603	0	26031	4030	26032	3708	26033	3708	26034	3345	26035	3345	26036	3345	26037	2982	26038	2982
102604	0	26041	4056	26042	3731	26043	3731	26044	3367	26045	3367	26046	3367	26047	3002	26048	3002
102605	0	26051	4082	26052	3756	26053	3756	26054	3388	26055	3388	26056	3388	26057	3021	26058	3021
102606	0	26061	4134	26062	3804	26063	3804	26064	3431	26065	3431	26066	3431	26067	3059	26068	3059
102607	0	26071	4160	26072	3827	26073	3827	26074	3453	26075	3453	26076	3453	26077	3078	26078	3078
102608	0	26081	4186	26082	3851	26083	3851	26084	3475	26085	3475	26086	3475	26087	3098	26088	3098
102609	0	26091	4212	26092	3875	26093	3875	26094	3496	26095	3496	26096	3496	26097	3117	26098	3117
102610	0	26101	4238	26102	3899	26103	3899	26104	3518	26105	3518	26106	3518	26107	3136	26108	3136
102611	0	26111	4264	26112	3923	26113	3923	26114	3539	26115	3539	26116	3539	26117	3155	26118	3155
102612	0	26121	4316	26122	3970	26123	3970	26124	3583	26125	3583	26126	3583	26127	3194	26128	3194
102613	0	26131	4368	26132	4018	26133	4018	26134	3626	26135	3626	26136	3626	26137	3232	26138	3232
102614	0	26141	4420	26142	4066	26143	4066	26144	3669	26145	3669	26146	3669	26147	3271	26148	3271
102615	0	26151	4472	26152	4115	26153	4115	26154	3712	26155	3712	26156	3712	26157	3310	26158	3310
102616	0	26161	4576	26162	4209	26163	4209	26164	3799	26165	3799	26166	3799	26167	3387	26168	3387
102701	0	27011	4316	27012	3970	27013	3970	27014	3583	27015	3583	27016	3583	27017	3194	27018	3194
102702	0	27021	4355	27022	4007	27023	4007	27024	3615	27025	3615	27027	3615	27027	3223	27028	3223
102703	0	27031	4394	27032	4043	27033	4043	27034	3647	27035	3647	27036	3647	27037	3251	27038	3251
102704	0	27041	4433	27042	4078	27043	4078	27044	3679	27045	3679	27046	3679	27047	3280	27048	3280
102705	0	27051	4472	27052	4115	27053	4115	27054	3712	27055	3712	27056	3712	27057	3310	27058	3310
102706	0	27061	4537	27062	4174	27063	4174	27064	3766	27065	3766	27066	3766	27067	3358	27068	3358
102707	0	27071	4511	27072	4150	27073	4150	27074	3744	27075	3744	27076	3744	27077	3338	27078	3338
102708	0	27081	4550	27082	4186	27083	4186	27084	3777	27085	3777	27086	3777	27087	3367	27088	3367
102709	0	27091	4589	27092	4222	27093	4222	27094	3809	27095	3809	27096	3809	27097	3396	27098	3396
102710	0	27101	4628	27102	4258	27103	4258	27104	3842	27105	3842	27106	3842	27107	3424	27108	3424
102711	0	27111	4667	27112	4294	27113	4294	27114	3874	27115	3874	27116	3874	27117	3454	27118	3454
102712	0	27121	4732	27122	4354	27123	4354	27124	3927	27125	3927	27126	3927	27127	3502	27128	3502
102713	0	27131	4797	27132	4414	27133	4414	27134	3982	27135	3982	27136	3982	27137	3550	27138	3550
102714	0	27141	4862	27142	4473	27143	4473	27144	4035	27145	4035	27146	4035	27147	3598	27148	3598
102715	0	27151	4875	27152	4485	27153	4485	27154	4047	27155	4047	27156	4047	27157	3608	27158	3608
102716	0	27161	5005	27162	4605	27163	4605	27164	4155	27165	4155	27166	4155	27167	3704	27168	3704
102801	0	28011	5316	28012	4970	28013	4970	28014	4583	28015	4583	28016	4583	28017	4194	28018	4194
102802	0	28021	5355	28022	5007	28023	5007	28024	4615	28025	4615	28026	4615	28027	4223	28028	4223
102803	0	28031	5394	28032	5043	28033	5043	28034	4647	28035	4647	28036	4647	28037	4251	28038	4251
102804	0	28041	5433	28042	5078	28043	5078	28044	4679	28045	4679	28046	4679	28047	4280	28048	4280
102805	0	28051	5472	28052	5115	28053	5115	28054	4712	28055	4712	28056	4712	28057	4310	28058	4310
102806	0	28061	5537	28062	5174	28063	5174	28064	4766	28065	4766	28066	4766	28067	4358	28068	4358
102807	0	28071	5511	28072	5150	28073	5150	28074	4744	28075	4744	28076	4744	28077	4338	28078	4338
102808	0	28081	5550	28082	5186	28083	5186	28084	4777	28085	4777	28086	4777	28087	4367	28088	4367
102809	0	28091	5589	28092	5222	28093	5222	28094	4809	28095	4809	28096	4809	28097	4396	28098	4396
102810	0	28101	5628	28102	5258	28103	5258	28104	4842	28105	4842	28106	4842	28107	4424	28108	4424
102811	0	28111	5667	28112	5294	28113	5294	28114	4874	28115	4874	28116	4874	28117	4454	28118	4454
102812	0	28121	5732	28122	5354	28123	5354	28124	4928	28125	4928	28126	4928	28128	4502	28128	4502
102813	0	28131	5797	28132	5414	28133	5414	28134	4982	28135	4982	28136	4982	28137	4550	28138	4550
102814	0	28141	5862	28142	5473	28143	5473	28144	5035	28145	5035	28146	5035	28147	4598	28148	4598
102815	0	28151	5875	28152	5485	28153	5485	28154	5047	28155	5047	28156	5047	28157	4608	28158	4608
102816	0	28161	6005	28162	5605	28163	5605	28164	5155	28165	5155	28166	5155	28167	4704	28168	4704
102901	0	29011	6316	29012	5970	29013	5970	29014	5583	29015	5583	29016	5583	29017	5194	29018	5194
102902	0	29021	6355	29022	6007	29023	6007	29024	5615	29025	5615	29026	5615	29027	5223	29028	5223
102903	0	29031	6394	29032	6043	29033	6043	29034	5647	29035	5647	29036	5647	29037	5251	29038	5251
102904	0	29041	6433	29042	6078	29043	6078	29044	5679	29045	5679	29046	5679	29047	5290	29048	5290
102905	0	29051	6472	29052	6115	29053	6115	29054	5712	29055	5712	29056	5712	29057	5310	29058	5310
102906	0	29061	6537	29062	6174	29063	6174	29064	5766	29065	5766	29066	5766	29067	5358	29068	5358
102907	0	29071	6511	29072	6150	29073	6150	29074	5744	29075	5744	29076	5744	29077	5338	29078	5338
102908	0	29081	6550	29082	6186	29083	6186	29084	5777	29085	5777	29086	5777	29087	5367	29088	5367
102909	0	29091	6589	29092	6222	29093	6222	29094	5809	29095	5809	29096	5809	29097	5396	29098	5396
102910	0	29101	6629	29102	6258	29103	6258	29104	5842	29105	5842	29106	5842	29107	5424	29108	5424
102911	0	29111	6667	29112	6294	29113	6294	29114	5874	29115	5874	29116	5874	29117	5454	29118	5454
102912	0	29121	6732	29122	6354	29123	6354	29124	5929	29125	5929	29126	5929	29129	5502	29129	5502
102913	0	29131	6797	29132	6414	29133	6414	29134	5982	29135	5982	29136	5982	29137	5550	29138	5550
102914	0	29141	6862	29142	6473	29143	6473	29144	6035	29145	6035	29146	6035	29147	5598	29148	5598
102915	0	29151	6875	29152	6485	29153	6485	29154	6047	29155	6047	29156	6047	29157	5608	29158	5608
102916	0	29161	7005	29162	6605	29163	6605	29164	6155	29165	6155	29166	6155	29167	5704	29168	5704
103001	0	30011	7316	30012	6970	30013	6970	30014	6583	30015	6583	30016	6583	30017	6194	30018	6194
103002	0	30021	7355	30022	7007	30023	7007	30024	6615	30025	6615	30026	6615	30027	6223	30028	6223
103003	0	30031	7394	30032	7043	30033	7043	30034	6647	30035	6647	30036	6647	30037	6251	30038	6251
103004	0	30041	7433	30042	7078	30043	7078	30044	6679	30045	6679	30046	6679	30047	6300	30048	6300
103005	0	30051	7472	30052	7115	30053	7115	30054	6712	30055	6712	30056	6712	30057	6310	30058	6310
103006	0	30061	7537	30062	7174	30063	7174	30064	6766	30065	6766	30066	6766	30067	6358	30068	6358
103007	0	30071	7511	30072	7150	30073	7150	30074	6744	30075	6744	30076	6744	30077	6338	30078	6338
103008	0	30081	7550	30082	7186	30083	7186	30084	6777	30085	6777	30086	6777	30087	6367	30088	6367
103009	0	30091	7589	30092	7222	30093	7222	30094	6809	30095	6809	30096	6809	30097	6396	30098	6396
103010	0	30101	7630	30102	7258	30103	7258	30104	6842	30105	6842	30106	6842	30107	6424	30108	6424
103011	0	30111	7667	30112	7304	30113	7304	30114	6874	30115	6874	30116	6874	30117	6454	30118	6454
103012	0	30121	7732	30122	7354	30123	7354	30124	6930	30125	6930	30126	6930	30127	6502	30128	6502
103013	0	30131	7797	30132	7414	30133	7414	30134	6982	30135	6982	30136	6982	30137	6550	30138	6550
103014	0	30141	7862	30142	7473	30143	7473	30144	7035	30145	7035	30146	7035	30147	6598	30148	6598
103015	0	30151	7875	30152	7485	30153	7485	30154	7047	30155	7047	30156	7047	30157	6608	30158	6608
103016	0	30161	8005	30162	7605	30163	7605	30164	7155	30165	7155	30166	7155	30167	6704	30168	6704

