ID	果实ID	等级	升级经验	吞噬经验转换百分比	售价	已解锁孔数	已解锁属性加成	已解锁技能ID	身价
10001	1	1	16000	100	147800	2	8	0	1124
10002	1	2	32000	100	1576800	3	8,17	0	2389
10003	1	3	64000	100	3153600	4	8,17,26	0	3654
10004	1	4	128000	100	6307200	5	8,17,26,36	0	5060
10005	1	5	128000	100	12614500	5	8,17,26,36,46	0	6465
20001	2	1	16000	100	147800	2	7	0	984
20002	2	2	32000	100	1576800	3	7,15	0	2108
20003	2	3	64000	100	3153600	4	7,15,23	0	3233
20004	2	4	128000	100	6307200	5	7,15,23,32	0	4498
20005	2	5	128000	100	12614500	5	7,15,23,32,42	0	5903
30001	3	1	16000	100	147800	2	8	0	1124
30002	3	2	32000	100	1576800	3	8,16	0	2249
30003	3	3	64000	100	3153600	4	8,16,25	0	3514
30004	3	4	128000	100	6307200	5	8,16,25,35	0	4919
30005	3	5	128000	100	12614500	5	8,16,25,35,45	0	6325
40001	4	1	16000	100	147800	2	8	0	1124
40002	4	2	32000	100	1576800	3	8,16	0	2249
40003	4	3	64000	100	3153600	4	8,16,25	0	3514
40004	4	4	128000	100	6307200	5	8,16,25,34	0	4779
40005	4	5	128000	100	12614500	5	8,16,25,34,44	0	6184
50001	5	1	16000	100	147800	2	6	0	843
50002	5	2	32000	100	1576800	3	6,14	0	1968
50003	5	3	64000	100	3153600	4	6,14,23	0	3233
50004	5	4	128000	100	6307200	5	6,14,23,33	0	4638
50005	5	5	128000	100	12614500	5	6,14,23,33,43	0	6044
60001	6	1	16000	100	147800	2	7	0	984
60002	6	2	32000	100	1576800	3	7,14	0	1968
60003	6	3	64000	100	3153600	4	7,14,22	0	3092
60004	6	4	128000	100	6307200	5	7,14,22,31	0	4357
60005	6	5	128000	100	12614500	5	7,14,22,31,40	0	5622
70001	7	1	16000	100	147800	2	7	0	984
70002	7	2	32000	100	1576800	3	7,16	0	2249
70003	7	3	64000	100	3153600	4	7,16,25	0	3514
70004	7	4	128000	100	6307200	5	7,16,25,34	0	4779
70005	7	5	128000	100	12614500	5	7,16,25,34,44	0	6184
80001	8	1	16000	100	147800	2	7	0	984
80002	8	2	32000	100	1576800	3	7,15	0	2108
80003	8	3	64000	100	3153600	4	7,15,24	0	3373
80004	8	4	128000	100	6307200	5	7,15,24,33	0	4638
80005	8	5	128000	100	12614500	5	7,15,24,33,43	0	6044
90001	9	1	16000	100	147800	2	6	0	843
90002	9	2	32000	100	1576800	3	6,13	0	1827
90003	9	3	64000	100	3153600	4	6,13,23	0	3233
90004	9	4	128000	100	6307200	5	6,13,23,33	0	4638
90005	9	5	128000	100	12614500	5	6,13,23,33,43	0	6044
100001	10	1	16000	100	147800	2	7	0	984
100002	10	2	32000	100	1576800	3	7,14	0	1968
100003	10	3	64000	100	3153600	4	7,14,22	0	3092
100004	10	4	128000	100	6307200	5	7,14,22,30	0	4217
100005	10	5	128000	100	12614500	5	7,14,22,30,39	0	5481
110001	11	1	16000	100	147800	2	6	0	843
110002	11	2	32000	100	1576800	3	6,13	0	1827
110003	11	3	64000	100	3153600	4	6,13,20	0	2811
110004	11	4	128000	100	6307200	5	6,13,20,29	0	4076
110005	11	5	128000	100	12614500	5	6,13,20,29,38	0	5341
120001	12	1	16000	100	147800	2	7	0	984
120002	12	2	32000	100	1576800	3	7,15	0	2108
120003	12	3	64000	100	3153600	4	7,15,23	0	3233
120004	12	4	128000	100	6307200	5	7,15,23,32	0	4498
120005	12	5	128000	100	12614500	5	7,15,23,32,41	0	5763
130001	13	1	16000	100	147800	2	7	0	984
130002	13	2	32000	100	1576800	3	7,15	0	2108
130003	13	3	64000	100	3153600	4	7,15,23	0	3233
130004	13	4	128000	100	6307200	5	7,15,23,32	0	4498
130005	13	5	128000	100	12614500	5	7,15,23,32,42	0	5903
140001	14	1	16000	100	147800	2	7	0	984
140002	14	2	32000	100	1576800	3	7,14	0	1968
140003	14	3	64000	100	3153600	4	7,14,21	0	2952
140004	14	4	128000	100	6307200	5	7,14,21,30	0	4217
140005	14	5	128000	100	12614500	5	7,14,21,30,40	0	5622
150001	15	1	16000	100	147800	2	6	0	843
150002	15	2	32000	100	1576800	3	6,12	0	1687
150003	15	3	64000	100	3153600	4	6,12,19	0	2670
150004	15	4	128000	100	6307200	5	6,12,19,27	0	3795
150005	15	5	128000	100	12614500	5	6,12,19,27,36	0	5060
160001	16	1	16000	100	147800	2	5	0	703
160002	16	2	32000	100	1576800	3	5,11	0	1546
160003	16	3	64000	100	3153600	4	5,11,18	0	2530
160004	16	4	128000	100	6307200	5	5,11,18,26	0	3654
160005	16	5	128000	100	12614500	5	5,11,18,26,34	0	4779
170001	17	1	16000	100	147800	2	7	0	984
170002	17	2	32000	100	1576800	3	7,14	0	1968
170003	17	3	64000	100	3153600	4	7,14,21	0	2952
170004	17	4	128000	100	6307200	5	7,14,21,29	0	4076
170005	17	5	128000	100	12614500	5	7,14,21,29,37	0	5200
180001	18	1	16000	100	147800	2	7	0	984
180002	18	2	32000	100	1576800	3	7,15	0	2108
180003	18	3	64000	100	3153600	4	7,15,23	0	3233
180004	18	4	128000	100	6307200	5	7,15,23,32	0	4498
180005	18	5	128000	100	12614500	5	7,15,23,32,41	0	5763
190001	19	1	16000	100	147800	2	6	0	843
190002	19	2	32000	100	1576800	3	6,13	0	1827
190003	19	3	64000	100	3153600	4	6,13,20	0	2811
190004	19	4	128000	100	6307200	5	6,13,20,28	0	3935
190005	19	5	128000	100	12614500	5	6,13,20,28,36	0	5060
200001	20	1	16000	100	147800	2	5	0	703
200002	20	2	32000	100	1576800	3	5,10	0	1406
200003	20	3	64000	100	3153600	4	5,10,16	0	2249
200004	20	4	128000	100	6307200	5	5,10,16,23	0	3233
200005	20	5	128000	100	12614500	5	5,10,16,23,31	0	4357
210001	21	1	16000	100	147800	2	5	0	703
210002	21	2	32000	100	1576800	3	5,11	0	1546
210003	21	3	64000	100	3153600	4	5,11,18	0	2530
210004	21	4	128000	100	6307200	5	5,11,18,25	0	3514
210005	21	5	128000	100	12614500	5	5,11,18,25,33	0	4638
220001	22	1	16000	100	147800	2	5	0	703
220002	22	2	32000	100	1576800	3	5,10	0	1406
220003	22	3	64000	100	3153600	4	5,10,16	0	2249
220004	22	4	128000	100	6307200	5	5,10,16,24	0	3373
220005	22	5	128000	100	12614500	5	5,10,16,24,32	0	4498
230001	23	1	16000	100	147800	2	6	0	843
230002	23	2	32000	100	1576800	3	6,13	0	1827
230003	23	3	64000	100	3153600	4	6,13,20	0	2811
230004	23	4	128000	100	6307200	5	6,13,20,27	0	3795
230005	23	5	128000	100	12614500	5	6,13,20,27,35	0	4919
240001	24	1	16000	100	147800	2	5	0	703
240002	24	2	32000	100	1576800	3	5,11	0	1546
240003	24	3	64000	100	3153600	4	5,11,18	0	2530
240004	24	4	128000	100	6307200	5	5,11,18,26	0	3654
240005	24	5	128000	100	12614500	5	5,11,18,26,35	0	4919
250001	25	1	16000	100	147800	2	6	0	843
250002	25	2	32000	100	1576800	3	6,13	0	1827
250003	25	3	64000	100	3153600	4	6,13,20	0	2811
250004	25	4	128000	100	6307200	5	6,13,20,29	0	4076
250005	25	5	128000	100	12614500	5	6,13,20,29,39	0	5481
260001	26	1	16000	100	147800	2	5	0	703
260002	26	2	32000	100	1576800	3	5,10	0	1406
260003	26	3	64000	100	3153600	4	5,10,16	0	2249
260004	26	4	128000	100	6307200	5	5,10,16,23	0	3233
260005	26	5	128000	100	12614500	5	5,10,16,23,30	0	4217
270001	27	1	16000	100	147800	2	5	0	703
270002	27	2	32000	100	1576800	3	5,11	0	1546
270003	27	3	64000	100	3153600	4	5,11,19	0	2670
270004	27	4	128000	100	6307200	5	5,11,19,28	0	3935
270005	27	5	128000	100	12614500	5	5,11,19,28,37	0	5200
280001	28	1	16000	100	147800	2	5	0	703
280002	28	2	32000	100	1576800	3	5,11	0	1546
280003	28	3	64000	100	3153600	4	5,11,17	0	2389
280004	28	4	128000	100	6307200	5	5,11,17,25	0	3514
280005	28	5	128000	100	12614500	5	5,11,17,25,33	0	4638
290001	29	1	16000	100	147800	2	4	0	562
290002	29	2	32000	100	1576800	3	4,9	0	1265
290003	29	3	64000	100	3153600	4	4,9,15	0	2108
290004	29	4	128000	100	6307200	5	4,9,15,22	0	3092
290005	29	5	128000	100	12614500	5	4,9,15,22,30	0	4217
300001	30	1	16000	100	147800	2	4	0	562
300002	30	2	32000	100	1576800	3	4,9	0	1265
300003	30	3	64000	100	3153600	4	4,9,15	0	2108
300004	30	4	128000	100	6307200	5	4,9,15,22	0	3092
300005	30	5	128000	100	12614500	5	4,9,15,22,31	0	4357
310001	31	1	16000	100	147800	2	7	0	984
310002	31	2	32000	100	1576800	3	7,14	0	1968
310003	31	3	64000	100	3153600	4	7,14,22	0	3092
310004	31	4	128000	100	6307200	5	7,14,22,30	0	4217
310005	31	5	128000	100	12614500	5	7,14,22,30,39	0	5481
320001	32	1	4000	100	73900	2	5	0	213
320002	32	2	8000	100	394200	3	5,10	0	426
320003	32	3	16000	100	788400	4	5,10,16	0	682
320004	32	4	16000	100	1576800	4	5,10,16,22	0	937
330001	33	1	4000	100	73900	2	7	0	298
330002	33	2	8000	100	394200	3	7,14	0	596
330003	33	3	16000	100	788400	4	7,14,21	0	895
330004	33	4	16000	100	1576800	4	7,14,21,28	0	1193
340001	34	1	4000	100	73900	2	5	0	213
340002	34	2	8000	100	394200	3	5,10	0	426
340003	34	3	16000	100	788400	4	5,10,16	0	682
340004	34	4	16000	100	1576800	4	5,10,16,23	0	980
350001	35	1	4000	100	73900	2	5	0	213
350002	35	2	8000	100	394200	3	5,10	0	426
350003	35	3	16000	100	788400	4	5,10,16	0	682
350004	35	4	16000	100	1576800	4	5,10,16,22	0	937
360001	36	1	4000	100	73900	2	4	0	170
360002	36	2	8000	100	394200	3	4,9	0	383
360003	36	3	16000	100	788400	4	4,9,14	0	596
360004	36	4	16000	100	1576800	4	4,9,14,19	0	809
370001	37	1	4000	100	73900	2	4	0	170
370002	37	2	8000	100	394200	3	4,8	0	341
370003	37	3	16000	100	788400	4	4,8,12	0	511
370004	37	4	16000	100	1576800	4	4,8,12,17	0	724
380001	38	1	4000	100	73900	2	4	0	170
380002	38	2	8000	100	394200	3	4,9	0	383
380003	38	3	16000	100	788400	4	4,9,14	0	596
380004	38	4	16000	100	1576800	4	4,9,14,20	0	852
390001	39	1	4000	100	73900	2	5	0	213
390002	39	2	8000	100	394200	3	5,10	0	426
390003	39	3	16000	100	788400	4	5,10,16	0	682
390004	39	4	16000	100	1576800	4	5,10,16,22	0	937
400001	40	1	4000	100	73900	2	3	0	128
400002	40	2	8000	100	394200	3	3,7	0	298
400003	40	3	16000	100	788400	4	3,7,11	0	469
400004	40	4	16000	100	1576800	4	3,7,11,16	0	682
410001	41	1	4000	100	73900	2	3	0	128
410002	41	2	8000	100	394200	3	3,6	0	256
410003	41	3	16000	100	788400	4	3,6,10	0	426
410004	41	4	16000	100	1576800	4	3,6,10,14	0	596
420001	42	1	4000	100	73900	2	4	0	170
420002	42	2	8000	100	394200	3	4,9	0	383
420003	42	3	16000	100	788400	4	4,9,14	0	596
420004	42	4	16000	100	1576800	4	4,9,14,19	0	809
430001	43	1	4000	100	73900	2	4	0	170
430002	43	2	8000	100	394200	3	4,8	0	341
430003	43	3	16000	100	788400	4	4,8,12	0	511
430004	43	4	16000	100	1576800	4	4,8,12,17	0	724
440001	44	1	4000	100	73900	2	3	0	128
440002	44	2	8000	100	394200	3	3,7	0	298
440003	44	3	16000	100	788400	4	3,7,11	0	469
440004	44	4	16000	100	1576800	4	3,7,11,15	0	639
450001	45	1	4000	100	73900	2	4	0	170
450002	45	2	8000	100	394200	3	4,8	0	341
450003	45	3	16000	100	788400	4	4,8,13	0	554
450004	45	4	16000	100	1576800	4	4,8,13,18	0	767
460001	46	1	4000	100	73900	2	4	0	170
460002	46	2	8000	100	394200	3	4,8	0	341
460003	46	3	16000	100	788400	4	4,8,12	0	511
460004	46	4	16000	100	1576800	4	4,8,12,16	0	682
470001	47	1	4000	100	73900	2	4	0	170
470002	47	2	8000	100	394200	3	4,9	0	383
470003	47	3	16000	100	788400	4	4,9,14	0	596
470004	47	4	16000	100	1576800	4	4,9,14,19	0	809
480001	48	1	4000	100	73900	2	3	0	128
480002	48	2	8000	100	394200	3	3,7	0	298
480003	48	3	16000	100	788400	4	3,7,11	0	469
480004	48	4	16000	100	1576800	4	3,7,11,17	0	724
490001	49	1	4000	100	73900	2	3	0	128
490002	49	2	8000	100	394200	3	3,7	0	298
490003	49	3	16000	100	788400	4	3,7,11	0	469
490004	49	4	16000	100	1576800	4	3,7,11,15	0	639
500001	50	1	4000	100	73900	2	3	0	128
500002	50	2	8000	100	394200	3	3,6	0	256
500003	50	3	16000	100	788400	4	3,6,11	0	469
500004	50	4	16000	100	1576800	4	3,6,11,16	0	682
510001	51	1	4000	100	73900	2	4	0	170
510002	51	2	8000	100	394200	3	4,8	0	341
510003	51	3	16000	100	788400	4	4,8,12	0	511
510004	51	4	16000	100	1576800	4	4,8,12,17	0	724
520001	52	1	4000	100	73900	2	3	0	128
520002	52	2	8000	100	394200	3	3,7	0	298
520003	52	3	16000	100	788400	4	3,7,11	0	469
520004	52	4	16000	100	1576800	4	3,7,11,16	0	682
530001	53	1	4000	100	73900	2	5	0	213
530002	53	2	8000	100	394200	3	5,10	0	426
530003	53	3	16000	100	788400	4	5,10,16	0	682
530004	53	4	16000	100	1576800	4	5,10,16,22	0	937
540001	54	1	4000	100	73900	2	3	0	128
540002	54	2	8000	100	394200	3	3,7	0	298
540003	54	3	16000	100	788400	4	3,7,11	0	469
540004	54	4	16000	100	1576800	4	3,7,11,15	0	639
550001	55	1	2000	100	37000	2	2	0	35
550002	55	2	4000	100	197100	3	2,4	0	70
550003	55	3	16000	100	394200	4	2,4,8	0	140
560001	56	1	2000	100	37000	2	2	0	35
560002	56	2	4000	100	197100	3	2,5	0	88
560003	56	3	16000	100	394200	4	2,5,9	0	158
570001	57	1	2000	100	37000	2	2	0	35
570002	57	2	4000	100	197100	3	2,4	0	70
570003	57	3	16000	100	394200	4	2,4,7	0	123
580001	58	1	2000	100	37000	2	4	0	70
580002	58	2	4000	100	197100	3	4,9	0	158
580003	58	3	16000	100	394200	3	4,9,14	0	246
590001	59	1	2000	100	37000	2	2	0	35
590002	59	2	4000	100	197100	3	2,5	0	88
590003	59	3	16000	100	394200	3	2,5,9	0	158
600001	60	1	2000	100	37000	2	2	0	35
600002	60	2	4000	100	197100	3	2,5	0	88
600003	60	3	16000	100	394200	3	2,5,8	0	140
610001	61	1	2000	100	37000	2	2	0	35
610002	61	2	4000	100	197100	3	2,4	0	70
610003	61	3	16000	100	394200	3	2,4,7	0	123
620001	62	1	2000	100	37000	2	2	0	35
620002	62	2	4000	100	197100	3	2,5	0	88
620003	62	3	16000	100	394200	3	2,5,8	0	140
630001	63	1	2000	100	37000	2	4	0	70
630002	63	2	4000	100	197100	3	4,8	0	140
630003	63	3	16000	100	394200	3	4,8,12	0	211
640001	64	1	2000	100	37000	2	3	0	53
640002	64	2	4000	100	197100	3	3,6	0	105
640003	64	3	16000	100	394200	3	3,6,10	0	176
650001	65	1	2000	100	37000	2	2	0	35
650002	65	2	4000	100	197100	3	2,5	0	88
650003	65	3	16000	100	394200	3	2,5,8	0	140
660001	66	1	2000	100	37000	2	2	0	35
660002	66	2	4000	100	197100	3	2,5	0	88
660003	66	3	16000	100	394200	3	2,5,9	0	158
670001	67	1	2000	100	37000	2	2	0	35
670002	67	2	4000	100	197100	3	2,5	0	88
670003	67	3	16000	100	394200	3	2,5,9	0	158
680001	68	1	2000	100	37000	2	3	0	53
680002	68	2	4000	100	197100	3	3,7	0	123
680003	68	3	16000	100	394200	3	3,7,11	0	193
690001	69	1	2000	100	37000	2	2	0	35
690002	69	2	4000	100	197100	3	2,5	0	88
690003	69	3	16000	100	394200	3	2,5,8	0	140
700001	70	1	16000	100	147800	2	7	0	984
700002	70	2	32000	100	1576800	3	7,14	0	1968
700003	70	3	64000	100	3153600	4	7,14,22	0	3092
700004	70	4	128000	100	6307200	5	7,14,22,30	0	4217
700005	70	5	128000	100	12614500	5	7,14,22,30,41	0	5763
710001	71	1	16000	100	147800	2	5	0	703
710002	71	2	32000	100	1576800	3	5,10	0	1406
710003	71	3	64000	100	3153600	4	5,10,16	0	2249
710004	71	4	128000	100	6307200	5	5,10,16,22	0	3092
710005	71	5	128000	100	12614500	5	5,10,16,22,29	0	4076
720001	72	1	16000	100	147800	2	7	0	984
720002	72	2	32000	100	1576800	3	7,14	0	1968
720003	72	3	64000	100	3153600	4	7,14,22	0	3092
720004	72	4	128000	100	6307200	5	7,14,22,31	0	4357
720005	72	5	128000	100	12614500	5	7,14,22,31,40	0	5622
730001	73	1	4000	100	73900	2	5	0	213
730002	73	2	8000	100	394200	3	5,9	0	383
730003	73	3	16000	100	788400	4	5,9,15	0	639
730004	73	4	16000	100	1576800	4	5,9,15,21	0	895
740001	74	1	16000	100	147800	2	8	0	1124
740002	74	2	32000	100	1576800	3	8,16	0	2249
740003	74	3	64000	100	3153600	4	8,16,25	0	3514
740004	74	4	128000	100	6307200	5	8,16,25,34	0	4779
740005	74	5	128000	100	12614500	5	8,16,25,34,44	0	6184
750001	75	1	4000	100	73900	2	5	0	213
750002	75	2	8000	100	394200	3	5,9	0	383
750003	75	3	16000	100	788400	4	5,9,14	0	596
750004	75	4	16000	100	1576800	4	5,9,14,19	0	809
760001	76	1	16000	100	147800	2	7	0	984
760002	76	2	32000	100	1576800	3	7,14	0	1968
760003	76	3	64000	100	3153600	4	7,14,21	0	2952
760004	76	4	128000	100	6307200	5	7,14,21,28	0	3935
760005	76	5	128000	100	12614500	5	7,14,21,28,36	0	5060
770001	77	1	4000	100	73900	2	4	0	170
770002	77	2	8000	100	394200	3	4,8	0	341
770003	77	3	16000	100	788400	4	4,8,13	0	554
770004	77	4	16000	100	1576800	4	4,8,13,19	0	809
780001	78	1	4000	100	73900	2	5	0	213
780002	78	2	8000	100	394200	3	5,9	0	383
780003	78	3	16000	100	788400	4	5,9,14	0	596
780004	78	4	16000	100	1576800	4	5,9,14,18	0	767
790001	79	1	4000	100	73900	2	5	0	213
790002	79	2	8000	100	394200	3	5,9	0	383
790003	79	3	16000	100	788400	4	5,9,15	0	639
790004	79	4	16000	100	1576800	4	5,9,15,21	0	895
800001	80	1	4000	100	73900	2	4	0	170
800002	80	2	8000	100	394200	3	4,8	0	341
800003	80	3	16000	100	788400	4	4,8,13	0	554
800004	80	4	16000	100	1576800	4	4,8,13,18	0	767
810001	81	1	4000	100	73900	2	5	0	213
810002	81	2	8000	100	394200	3	5,10	0	426
810003	81	3	16000	100	788400	4	5,10,15	0	639
810004	81	4	16000	100	1576800	4	5,10,15,20	0	852
820001	82	1	4000	100	73900	2	4	0	170
820002	82	2	8000	100	394200	3	4,9	0	383
820003	82	3	16000	100	788400	4	4,9,15	0	639
820004	82	4	16000	100	1576800	4	4,9,15,21	0	895
830001	83	1	16000	100	147800	2	8	0	1124
830002	83	2	32000	100	1576800	3	8,15	0	2108
830003	83	3	64000	100	3153600	4	8,15,22	0	3092
830004	83	4	128000	100	6307200	5	8,15,22,29	0	4076
830005	83	5	128000	100	12614500	5	8,15,22,29,37	0	5200
840001	84	1	16000	100	147800	2	8	0	1124
840002	84	2	32000	100	1576800	3	8,14	0	1968
840003	84	3	64000	100	3153600	4	8,14,22	0	3092
840004	84	4	128000	100	6307200	5	8,14,22,29	0	4076
840005	84	5	128000	100	12614500	5	8,14,22,29,37	0	5200
850001	85	1	16000	100	147800	2	7	0	984
850002	85	2	32000	100	1576800	3	7,13	0	1827
850003	85	3	64000	100	3153600	4	7,13,21	0	2952
850004	85	4	128000	100	6307200	5	7,13,21,28	0	3935
850005	85	5	128000	100	12614500	5	7,13,21,28,36	0	5060
860001	86	1	16000	100	147800	2	4	0	562
860002	86	2	32000	100	1576800	3	4,10	0	1406
860003	86	3	64000	100	3153600	4	4,10,16	0	2249
860004	86	4	128000	100	6307200	5	4,10,16,23	0	3233
860005	86	5	128000	100	12614500	5	4,10,16,23,32	0	4498
870001	87	1	16000	100	147800	2	7	0	984
870002	87	2	32000	100	1576800	3	7,13	0	1827
870003	87	3	64000	100	3153600	4	7,13,20	0	2811
870004	87	4	128000	100	6307200	5	7,13,20,27	0	3795
870005	87	5	128000	100	12614500	5	7,13,20,27,35	0	4919
880001	88	1	16000	100	147800	2	7	0	984
880002	88	2	32000	100	1576800	3	7,14	0	1968
880003	88	3	64000	100	3153600	4	7,14,21	0	2952
880004	88	4	128000	100	6307200	5	7,14,21,28	0	3935
880005	88	5	128000	100	12614500	5	7,14,21,28,36	0	5060
890001	89	1	16000	100	147800	2	9	0	1265
890002	89	2	32000	100	1576800	3	9,15	0	2108
890003	89	3	64000	100	3153600	4	9,15,25	0	3514
890004	89	4	128000	100	6307200	5	9,15,25,34	0	4779
890005	89	5	128000	100	12614500	5	9,15,25,34,42	0	5903
900001	90	1	4000	100	73900	2	5	0	213
900002	90	2	8000	100	394200	3	5,9	0	383
900003	90	3	16000	100	788400	4	5,9,15	0	639
900004	90	4	16000	100	1576800	4	5,9,15,21	0	895
910001	91	1	16000	100	147800	2	7	0	984
910002	91	2	32000	100	1576800	3	7,13	0	1827
910003	91	3	64000	100	3153600	4	7,13,22	0	3092
910004	91	4	128000	100	6307200	5	7,13,22,31	0	4357
910005	91	5	128000	100	12614500	5	7,13,22,31,39	0	5481
920001	92	1	4000	100	73900	2	5	0	213
920002	92	2	8000	100	394200	3	5,9	0	383
920003	92	3	16000	100	788400	4	5,9,14	0	596
920004	92	4	16000	100	1576800	4	5,9,14,19	0	809
930001	93	1	4000	100	73900	2	5	0	213
930002	93	2	8000	100	394200	3	5,9	0	383
930003	93	3	16000	100	788400	4	5,9,14	0	596
930004	93	4	16000	100	1576800	4	5,9,14,20	0	852
940001	94	1	16000	100	147800	2	7	0	984
940002	94	2	32000	100	1576800	3	7,14	0	1968
940003	94	3	64000	100	3153600	4	7,14,23	0	3233
940004	94	4	128000	100	6307200	5	7,14,23,32	0	4498
940005	94	5	128000	100	12614500	5	7,14,23,32,40	0	5622
950001	95	1	4000	100	73900	2	5	0	213
950002	95	2	8000	100	394200	3	5,9	0	383
950003	95	3	16000	100	788400	4	5,9,14	0	596
950004	95	4	16000	100	1576800	4	5,9,14,19	0	809
960001	96	1	4000	100	73900	2	4	0	170
960002	96	2	8000	100	394200	3	4,8	0	341
960003	96	3	16000	100	788400	4	4,8,13	0	554
960004	96	4	16000	100	1576800	4	4,8,13,18	0	767
970001	97	1	16000	100	147800	2	8	0	1124
970002	97	2	32000	100	1576800	3	8,16	0	2249
970003	97	3	64000	100	3153600	4	8,16,25	0	3514
970004	97	4	128000	100	6307200	5	8,16,25,34	0	4779
970005	97	5	128000	100	12614500	5	8,16,25,34,44	0	6184
980001	98	1	16000	100	147800	2	8	0	1124
980002	98	2	32000	100	1576800	3	8,16	0	2249
980003	98	3	64000	100	3153600	4	8,16,25	0	3514
980004	98	4	128000	100	6307200	5	8,16,25,34	0	4779
980005	98	5	128000	100	12614500	5	8,16,25,34,43	0	6044
990001	99	1	16000	100	147800	2	7	0	984
990002	99	2	32000	100	1576800	3	7,15	0	2108
990003	99	3	64000	100	3153600	4	7,15,24	0	3373
990004	99	4	128000	100	6307200	5	7,15,24,33	0	4638
990005	99	5	128000	100	12614500	5	7,15,24,33,43	0	6044
1000001	100	1	16000	100	147800	2	7	0	984
1000002	100	2	32000	100	1576800	3	7,14	0	1968
1000003	100	3	64000	100	3153600	4	7,14,22	0	3092
1000004	100	4	128000	100	6307200	5	7,14,22,31	0	4357
1000005	100	5	128000	100	12614500	5	7,14,22,31,41	0	5763
1010001	101	1	16000	100	147800	2	7	0	984
1010002	101	2	32000	100	1576800	3	7,14	0	1968
1010003	101	3	64000	100	3153600	4	7,14,22	0	3092
1010004	101	4	128000	100	6307200	5	7,14,22,31	0	4357
1010005	101	5	128000	100	12614500	5	7,14,22,31,40	0	5622
1020001	102	1	16000	100	147800	2	7	0	984
1020002	102	2	32000	100	1576800	3	7,14	0	1968
1020003	102	3	64000	100	3153600	4	7,14,22	0	3092
1020004	102	4	128000	100	6307200	5	7,14,22,30	0	4217
1020005	102	5	128000	100	12614500	5	7,14,22,30,39	0	5481
1030001	103	1	16000	100	147800	2	7	0	984
1030002	103	2	32000	100	1576800	3	7,14	0	1968
1030003	103	3	64000	100	3153600	4	7,14,22	0	3092
1030004	103	4	128000	100	6307200	5	7,14,22,30	0	4217
1030005	103	5	128000	100	12614500	5	7,14,22,30,39	0	5481
1040001	104	1	16000	100	147800	2	7	0	984
1040002	104	2	32000	100	1576800	3	7,14	0	1968
1040003	104	3	64000	100	3153600	4	7,14,22	0	3092
1040004	104	4	128000	100	6307200	5	7,14,22,30	0	4217
1040005	104	5	128000	100	12614500	5	7,14,22,30,38	0	5341
1050001	105	1	16000	100	147800	2	7	0	984
1050002	105	2	32000	100	1576800	3	7,14	0	1968
1050003	105	3	64000	100	3153600	4	7,14,21	0	2952
1050004	105	4	128000	100	6307200	5	7,14,21,29	0	4076
1050005	105	5	128000	100	12614500	5	7,14,21,29,37	0	5200
1060001	106	1	16000	100	147800	2	7	0	984
1060002	106	2	32000	100	1576800	3	7,15	0	2108
1060003	106	3	64000	100	3153600	4	7,15,23	0	3233
1060004	106	4	128000	100	6307200	5	7,15,23,31	0	4357
1060005	106	5	128000	100	12614500	5	7,15,23,31,40	0	5622
1070001	107	1	16000	100	147800	2	7	0	984
1070002	107	2	32000	100	1576800	3	7,15	0	2108
1070003	107	3	64000	100	3153600	4	7,15,23	0	3233
1070004	107	4	128000	100	6307200	5	7,15,23,32	0	4498
1070005	107	5	128000	100	12614500	5	7,15,23,32,42	0	5903
1080001	108	1	16000	100	147800	2	7	0	984
1080002	108	2	32000	100	1576800	3	7,14	0	1968
1080003	108	3	64000	100	3153600	4	7,14,22	0	3092
1080004	108	4	128000	100	6307200	5	7,14,22,31	0	4357
1080005	108	5	128000	100	12614500	5	7,14,22,31,40	0	5622
1090001	109	1	16000	100	147800	2	7	0	984
1090002	109	2	32000	100	1576800	3	7,15	0	2108
1090003	109	3	64000	100	3153600	4	7,15,23	0	3233
1090004	109	4	128000	100	6307200	5	7,15,23,32	0	4498
1090005	109	5	128000	100	12614500	5	7,15,23,32,41	0	5763
1100001	110	1	16000	100	147800	2	8	0	1124
1100002	110	2	32000	100	1576800	3	8,17	0	2389
1100003	110	3	64000	100	3153600	4	8,17,26	0	3654
1100004	110	4	128000	100	6307200	5	8,17,26,36	0	5060
1100005	110	5	128000	100	12614500	5	8,17,26,36,46	0	6465
1110001	111	1	16000	100	147800	2	7	0	984
1110002	111	2	32000	100	1576800	3	7,15	0	2108
1110003	111	3	64000	100	3153600	4	7,15,24	0	3373
1110004	111	4	128000	100	6307200	5	7,15,24,33	0	4638
1110005	111	5	128000	100	12614500	5	7,15,24,33,43	0	6044
1120001	112	1	16000	100	147800	2	7	0	984
1120002	112	2	32000	100	1576800	3	7,14	0	1968
1120003	112	3	64000	100	3153600	4	7,14,22	0	3092
1120004	112	4	128000	100	6307200	5	7,14,22,31	0	4357
1120005	112	5	128000	100	12614500	5	7,14,22,31,41	0	5763
1130001	113	1	16000	100	147800	2	9	0	1265
1130002	113	2	32000	100	1576800	3	9,18	0	2530
1130003	113	3	64000	100	3153600	4	9,18,27	0	3795
1130004	113	4	128000	100	6307200	5	9,18,27,37	0	5200
1130005	113	5	128000	100	12614500	5	9,18,27,37,47	0	6606
1140001	114	1	16000	100	147800	2	7	0	984
1140002	114	2	32000	100	1576800	3	7,14	0	1968
1140003	114	3	64000	100	3153600	4	7,14,22	0	3092
1140004	114	4	128000	100	6307200	5	7,14,22,31	0	4357
1140005	114	5	128000	100	12614500	5	7,14,22,31,41	0	5763
1150001	115	1	16000	100	147800	2	6	0	843
1150002	115	2	32000	100	1576800	3	6,13	0	1827
1150003	115	3	64000	100	3153600	4	6,13,20	0	2811
1150004	115	4	128000	100	6307200	5	6,13,20,28	0	3935
1150005	115	5	128000	100	12614500	5	6,13,20,28,37	0	5200
1160001	116	1	16000	100	147800	2	6	0	843
1160002	116	2	32000	100	1576800	3	6,12	0	1687
1160003	116	3	64000	100	3153600	4	6,12,19	0	2670
1160004	116	4	128000	100	6307200	5	6,12,19,27	0	3795
1160005	116	5	128000	100	12614500	5	6,12,19,27,35	0	4919
1170001	117	1	16000	100	147800	2	6	0	843
1170002	117	2	32000	100	1576800	3	6,13	0	1827
1170003	117	3	64000	100	3153600	4	6,13,21	0	2952
1170004	117	4	128000	100	6307200	5	6,13,21,30	0	4217
1170005	117	5	128000	100	12614500	5	6,13,21,30,39	0	5481
1180001	118	1	16000	100	147800	2	7	0	984
1180002	118	2	32000	100	1576800	3	7,14	0	1968
1180003	118	3	64000	100	3153600	4	7,14,22	0	3092
1180004	118	4	128000	100	6307200	5	7,14,22,31	0	4357
1180005	118	5	128000	100	12614500	5	7,14,22,31,40	0	5622
1190001	119	1	16000	100	147800	2	8	0	1124
1190002	119	2	32000	100	1576800	3	8,16	0	2249
1190003	119	3	64000	100	3153600	4	8,16,25	0	3514
1190004	119	4	128000	100	6307200	5	8,16,25,34	0	4779
1190005	119	5	128000	100	12614500	5	8,16,25,34,44	0	6184
1200001	120	1	16000	100	147800	2	6	0	843
1200002	120	2	32000	100	1576800	3	6,13	0	1827
1200003	120	3	64000	100	3153600	4	6,13,21	0	2952
1200004	120	4	128000	100	6307200	5	6,13,21,30	0	4217
1200005	120	5	128000	100	12614500	5	6,13,21,30,40	0	5622
1210001	121	1	16000	100	147800	2	6	0	843
1210002	121	2	32000	100	1576800	3	6,13	0	1827
1210003	121	3	64000	100	3153600	4	6,13,21	0	2952
1210004	121	4	128000	100	6307200	5	6,13,21,30	0	4217
1210005	121	5	128000	100	12614500	5	6,13,21,30,40	0	5622
1220001	122	1	16000	100	147800	2	6	0	843
1220002	122	2	32000	100	1576800	3	6,13	0	1827
1220003	122	3	64000	100	3153600	4	6,13,21	0	2952
1220004	122	4	128000	100	6307200	5	6,13,21,30	0	4217
1220005	122	5	128000	100	12614500	5	6,13,21,30,40	0	5622
1230001	123	1	16000	100	147800	2	6	0	843
1230002	123	2	32000	100	1576800	3	6,13	0	1827
1230003	123	3	64000	100	3153600	4	6,13,21	0	2952
1230004	123	4	128000	100	6307200	5	6,13,21,30	0	4217
1230005	123	5	128000	100	12614500	5	6,13,21,30,40	0	5622
1240001	124	1	16000	100	147800	2	6	0	843
1240002	124	2	32000	100	1576800	3	6,13	0	1827
1240003	124	3	64000	100	3153600	4	6,13,21	0	2952
1240004	124	4	128000	100	6307200	5	6,13,21,30	0	4217
1240005	124	5	128000	100	12614500	5	6,13,21,30,40	0	5622
2000001	200	1	48000	100	147800	6	17	0	4124
2000002	200	2	96000	100	1576800	6	17,35	0	5389
2000003	200	3	192000	100	3153600	6	17,35,53	0	6654
2000004	200	4	384000	100	6307200	6	17,35,53,72	0	8060
2000005	200	5	768000	100	12614500	6	17,35,53,72,91	0	9465
2000006	200	6	1680000	100	12614500	6	17,35,53,72,91,111	0	9465
2010001	201	1	48000	100	147800	6	16	0	3984
2010002	201	2	96000	100	1576800	6	16,33	0	5108
2010003	201	3	192000	100	3153600	6	16,33,50	0	6233
2010004	201	4	384000	100	6307200	6	16,33,50,68	0	7498
2010005	201	5	768000	100	12614500	6	16,33,50,68,87	0	8903
2010006	201	6	1680000	100	12614500	6	16,33,50,68,87,107	0	8903
2020001	202	1	48000	100	147800	6	17	0	4124
2020002	202	2	96000	100	1576800	6	17,34	0	5249
2020003	202	3	192000	100	3153600	6	17,34,52	0	6514
2020004	202	4	384000	100	6307200	6	17,34,52,71	0	7919
2020005	202	5	768000	100	12614500	6	17,34,52,71,90	0	9325
2020006	202	6	1680000	100	12614500	6	17,34,52,71,90,110	0	9325
2030001	203	1	48000	100	147800	6	17	0	4124
2030002	203	2	96000	100	1576800	6	17,34	0	5249
2030003	203	3	192000	100	3153600	6	17,34,52	0	6514
2030004	203	4	384000	100	6307200	6	17,34,52,71	0	7779
2030005	203	5	768000	100	12614500	6	17,34,52,71,90	0	9184
2030006	203	6	1680000	100	12614500	6	17,34,52,71,90,110	0	9184
2040001	204	1	48000	100	147800	6	15	0	3843
2040002	204	2	96000	100	1576800	6	15,31	0	4968
2040003	204	3	192000	100	3153600	6	15,31,49	0	6233
2040004	204	4	384000	100	6307200	6	15,31,49,68	0	7638
2040005	204	5	768000	100	12614500	6	15,31,49,68,87	0	9044
2040006	204	5	1680000	100	12614500	6	15,31,49,68,87,107	0	9044
2050001	205	1	48000	100	147800	6	16	0	3984
2050002	205	2	96000	100	1576800	6	16,32	0	4968
2050003	205	3	192000	100	3153600	6	16,32,49	0	6092
2050004	205	4	384000	100	6307200	6	16,32,49,67	0	7357
2050005	205	5	768000	100	12614500	6	16,32,49,67,85	0	8622
2050006	205	6	1680000	100	12614500	6	16,32,49,67,85,104	0	8622
2060001	206	1	48000	100	147800	6	16	0	3984
2060002	206	2	96000	100	1576800	6	16,34	0	5249
2060003	206	3	192000	100	3153600	6	16,34,52	0	6514
2060004	206	4	384000	100	6307200	6	16,34,52,71	0	7779
2060005	206	5	768000	100	12614500	6	16,34,52,71,90	0	9184
2060006	206	6	1680000	100	12614500	6	16,34,52,71,90,110	0	9184
2070001	207	1	48000	100	147800	6	16	0	3984
2070002	207	2	96000	100	1576800	6	16,34	0	5108
2070003	207	3	192000	100	3153600	6	16,34,52	0	6373
2070004	207	4	384000	100	6307200	6	16,34,52,71	0	7638
2070005	207	5	768000	100	12614500	6	16,34,52,71,90	0	9044
2070006	207	6	1680000	100	12614500	6	16,34,52,71,90,110	0	9044
2080001	208	1	48000	100	147800	6	15	0	3843
2080002	208	2	96000	100	1576800	6	15,31	0	4827
2080003	208	3	192000	100	3153600	6	15,31,49	0	6233
2080004	208	4	384000	100	6307200	6	15,31,49,68	0	7638
2080005	208	5	768000	100	12614500	6	15,31,49,68,87	0	9044
2080006	208	6	1680000	100	12614500	6	15,31,49,68,87,107	0	9044
2090001	209	1	48000	100	147800	6	16	0	3984
2090002	209	2	96000	100	1576800	6	16,32	0	4968
2090003	209	3	192000	100	3153600	6	16,32,49	0	6092
2090004	209	4	384000	100	6307200	6	16,32,49,67	0	7217
2090005	209	5	768000	100	12614500	6	16,32,49,67,85	0	8481
2090006	209	6	1680000	100	12614500	6	16,32,49,67,85,104	0	8481
2100001	210	1	48000	100	147800	6	15	0	3843
2100002	210	2	96000	100	1576800	6	15,31	0	4827
2100003	210	3	192000	100	3153600	6	15,31,49	0	5811
2100004	210	4	384000	100	6307200	6	15,31,49,68	0	7076
2100005	210	5	768000	100	12614500	6	15,31,49,68,87	0	8341
2100006	210	6	1680000	100	12614500	6	15,31,49,68,87,107	0	8341
2110001	211	1	48000	100	147800	6	16	0	3984
2110002	211	2	96000	100	1576800	6	16,34	0	5108
2110003	211	3	192000	100	3153600	6	16,34,52	0	6233
2110004	211	4	384000	100	6307200	6	16,34,52,71	0	7498
2110005	211	5	768000	100	12614500	6	16,34,52,71,90	0	8763
2110006	211	6	1680000	100	12614500	6	16,34,52,71,90,110	0	8763
2120001	212	1	48000	100	147800	6	16	0	3984
2120002	212	2	96000	100	1576800	6	16,33	0	5108
2120003	212	3	192000	100	3153600	6	16,33,50	0	6233
2120004	212	4	384000	100	6307200	6	16,33,50,68	0	7498
2120005	212	5	768000	100	12614500	6	16,33,50,68,87	0	8903
2120006	212	6	1680000	100	12614500	6	16,33,50,68,87,107	0	8903
2130001	213	1	48000	100	147800	6	16	0	3984
2130002	213	2	96000	100	1576800	6	16,32	0	4968
2130003	213	3	192000	100	3153600	6	16,32,49	0	5952
2130004	213	4	384000	100	6307200	6	16,32,49,67	0	7217
2130005	213	5	768000	100	12614500	6	16,32,49,67,85	0	8622
2130006	213	6	1680000	100	12614500	6	16,32,49,67,85,104	0	8622
2140001	214	1	48000	100	147800	6	15	0	3843
2140002	214	2	96000	100	1576800	6	15,30	0	4687
2140003	214	3	192000	100	3153600	6	15,30,46	0	5670
2140004	214	4	384000	100	6307200	6	15,30,46,63	0	6795
2140005	214	5	768000	100	12614500	6	15,30,46,63,80	0	8060
2140006	214	6	1680000	100	12614500	6	15,30,46,63,80,99	0	8060
2150001	215	1	48000	100	147800	6	14	0	3703
2150002	215	2	96000	100	1576800	6	14,29	0	4546
2150003	215	3	192000	100	3153600	6	14,29,45	0	5530
2150004	215	4	384000	100	6307200	6	14,29,45,62	0	6654
2150005	215	5	768000	100	12614500	6	14,29,45,62,79	0	7779
2150006	215	6	1680000	100	12614500	6	14,29,45,62,79,97	0	7779
2160001	216	1	48000	100	147800	6	16	0	3984
2160002	216	2	96000	100	1576800	6	16,32	0	4968
2160003	216	3	192000	100	3153600	6	16,32,49	0	5952
2160004	216	4	384000	100	6307200	6	16,32,49,67	0	7076
2160005	216	5	768000	100	12614500	6	16,32,49,67,85	0	8200
2160006	216	6	1680000	100	12614500	6	16,32,49,67,85,104	0	8200
2170001	217	1	48000	100	147800	6	16	0	3984
2170002	217	2	96000	100	1576800	6	16,33	0	5108
2170003	217	3	192000	100	3153600	6	16,33,50	0	6233
2170004	217	4	384000	100	6307200	6	16,33,50,68	0	7498
2170005	217	5	768000	100	12614500	6	16,33,50,68,87	0	8763
2170006	217	6	1680000	100	12614500	6	16,33,50,68,87,107	0	8763
2180001	218	1	48000	100	147800	6	15	0	3843
2180002	218	2	96000	100	1576800	6	15,31	0	4827
2180003	218	3	192000	100	3153600	6	15,31,49	0	5811
2180004	218	4	384000	100	6307200	6	15,31,49,68	0	6935
2180005	218	5	768000	100	12614500	6	15,31,49,68,87	0	8060
2180006	218	6	1680000	100	12614500	6	15,31,49,68,87,107	0	8060
2190001	219	1	48000	100	147800	6	14	0	3703
2190002	219	2	96000	100	1576800	6	14,28	0	4406
2190003	219	3	192000	100	3153600	6	14,28,43	0	5249
2190004	219	4	384000	100	6307200	6	14,28,43,59	0	6233
2190005	219	5	768000	100	12614500	6	14,28,43,59,76	0	7357
2190006	219	6	1680000	100	12614500	6	14,28,43,59,76,94	0	7357
2200001	220	1	48000	100	147800	6	14	0	3703
2200002	220	2	96000	100	1576800	6	14,29	0	4546
2200003	220	3	192000	100	3153600	6	14,29,45	0	5530
2200004	220	4	384000	100	6307200	6	14,29,45,62	0	6514
2200005	220	5	768000	100	12614500	6	14,29,45,62,79	0	7638
2200006	220	6	1680000	100	12614500	6	14,29,45,62,79,97	0	7638
2210001	221	1	48000	100	147800	6	14	0	3703
2210002	221	2	96000	100	1576800	6	14,28	0	4406
2210003	221	3	192000	100	3153600	6	14,28,43	0	5249
2210004	221	4	384000	100	6307200	6	14,28,43,59	0	6373
2210005	221	5	768000	100	12614500	6	14,28,43,59,76	0	7498
2210006	221	6	1680000	100	12614500	6	14,28,43,59,76,94	0	7498
2220001	222	1	48000	100	147800	6	15	0	3843
2220002	222	2	96000	100	1576800	6	15,31	0	4827
2220003	222	3	192000	100	3153600	6	15,31,49	0	5811
2220004	222	4	384000	100	6307200	6	15,31,49,68	0	6795
2220005	222	5	768000	100	12614500	6	15,31,49,68,87	0	7919
2220006	222	6	1680000	100	12614500	6	15,31,49,68,87,107	0	7919
2230001	223	1	48000	100	147800	6	14	0	3703
2230002	223	2	96000	100	1576800	6	14,29	0	4546
2230003	223	3	192000	100	3153600	6	14,29,45	0	5530
2230004	223	4	384000	100	6307200	6	14,29,45,62	0	6654
2230005	223	5	768000	100	12614500	6	14,29,45,62,79	0	7919
2230006	223	6	1680000	100	12614500	6	14,29,45,62,79,97	0	7919
2240001	224	1	48000	100	147800	6	15	0	3843
2240002	224	2	96000	100	1576800	6	15,31	0	4827
2240003	224	3	192000	100	3153600	6	15,31,49	0	5811
2240004	224	4	384000	100	6307200	6	15,31,49,68	0	7076
2240005	224	5	768000	100	12614500	6	15,31,49,68,87	0	8481
2240006	224	6	1680000	100	12614500	6	15,31,49,68,87,107	0	8481
2250001	225	1	48000	100	147800	6	14	0	3703
2250002	225	2	96000	100	1576800	6	14,28	0	4406
2250003	225	3	192000	100	3153600	6	14,28,43	0	5249
2250004	225	4	384000	100	6307200	6	14,28,43,59	0	6233
2250005	225	5	768000	100	12614500	6	14,28,43,59,76	0	7217
2250006	225	6	1680000	100	12614500	6	14,28,43,59,76,94	0	7217
2260001	226	1	48000	100	147800	6	14	0	3703
2260002	226	2	96000	100	1576800	6	14,29	0	4546
2260003	226	3	192000	100	3153600	6	14,29,45	0	5670
2260004	226	4	384000	100	6307200	6	14,29,45,62	0	6935
2260005	226	5	768000	100	12614500	6	14,29,45,62,79	0	8200
2260006	226	6	1680000	100	12614500	6	14,29,45,62,79,97	0	8200
2270001	227	1	48000	100	147800	6	14	0	3703
2270002	227	2	96000	100	1576800	6	14,29	0	4546
2270003	227	3	192000	100	3153600	6	14,29,45	0	5389
2270004	227	4	384000	100	6307200	6	14,29,45,62	0	6514
2270005	227	5	768000	100	12614500	6	14,29,45,62,79	0	7638
2270006	227	6	1680000	100	12614500	6	14,29,45,62,79,97	0	7638
2280001	228	1	48000	100	147800	6	13	0	3562
2280002	228	2	96000	100	1576800	6	13,27	0	4265
2280003	228	3	192000	100	3153600	6	13,27,43	0	5108
2280004	228	4	384000	100	6307200	6	13,27,43,59	0	6092
2280005	228	5	768000	100	12614500	6	13,27,43,59,76	0	7217
2280006	228	6	1680000	100	12614500	6	13,27,43,59,76,94	0	7217
2290001	229	1	48000	100	147800	6	13	0	3562
2290002	229	2	96000	100	1576800	6	13,27	0	4265
2290003	229	3	192000	100	3153600	6	13,27,43	0	5108
2290004	229	4	384000	100	6307200	6	13,27,43,59	0	6092
2290005	229	5	768000	100	12614500	6	13,27,43,59,76	0	7357
2290006	229	6	1680000	100	12614500	6	13,27,43,59,76,94	0	7357
2300001	230	1	48000	100	147800	6	16	0	3984
2300002	230	2	96000	100	1576800	6	16,32	0	4968
2300003	230	3	192000	100	3153600	6	16,32,49	0	6092
2300004	230	4	384000	100	6307200	6	16,32,49,67	0	7217
2300005	230	5	768000	100	12614500	6	16,32,49,67,85	0	8481
2300006	230	6	1680000	100	12614500	6	16,32,49,67,85,104	0	8481
2310001	231	1	48000	100	147800	6	16	0	3984
2310002	231	2	96000	100	1576800	6	16,32	0	4968
2310003	231	3	192000	100	3153600	6	16,32,49	0	6092
2310004	231	4	384000	100	6307200	6	16,32,49,67	0	7217
2310005	231	5	768000	100	12614500	6	16,32,49,67,85	0	8763
2310006	231	6	1680000	100	12614500	6	16,32,49,67,85,104	0	8763
2320001	232	1	48000	100	147800	6	14	0	3703
2320002	232	2	96000	100	1576800	6	14,28	0	4406
2320003	232	3	192000	100	3153600	6	14,28,43	0	5249
2320004	232	4	384000	100	6307200	6	14,28,43,59	0	6092
2320005	232	5	768000	100	12614500	6	14,28,43,59,76	0	7076
2320006	232	6	1680000	100	12614500	6	14,28,43,59,76,94	0	7076
2330001	233	1	48000	100	147800	6	16	0	3984
2330002	233	2	96000	100	1576800	6	16,32	0	4968
2330003	233	3	192000	100	3153600	6	16,32,49	0	6092
2330004	233	4	384000	100	6307200	6	16,32,49,67	0	7357
2330005	233	5	768000	100	12614500	6	16,32,49,67,85	0	8622
2330006	233	6	1680000	100	12614500	6	16,32,49,67,85,104	0	8622
2340001	234	1	48000	100	147800	6	17	0	4124
2340002	234	2	96000	100	1576800	6	17,34	0	5249
2340003	234	3	192000	100	3153600	6	17,34,52	0	6514
2340004	234	4	384000	100	6307200	6	17,34,52,71	0	7779
2340005	234	5	768000	100	12614500	6	17,34,52,71,90	0	9184
2340006	234	6	1680000	100	12614500	6	17,34,52,71,90,110	0	9184
2350001	235	1	48000	100	147800	6	16	0	3984
2350002	235	2	96000	100	1576800	6	16,32	0	4968
2350003	235	3	192000	100	3153600	6	16,32,49	0	5952
2350004	235	4	384000	100	6307200	6	16,32,49,67	0	6935
2350005	235	5	768000	100	12614500	6	16,32,49,67,85	0	8060
2350006	235	6	1680000	100	12614500	6	16,32,49,67,85,104	0	8060
2360001	236	1	48000	100	147800	6	17	0	4124
2360002	236	2	96000	100	1576800	6	17,33	0	5108
2360003	236	3	192000	100	3153600	6	17,33,49	0	6092
2360004	236	4	384000	100	6307200	6	17,33,49,66	0	7076
2360005	236	5	768000	100	12614500	6	17,33,49,66,83	0	8200
2360006	236	6	1680000	100	12614500	6	17,33,49,66,83,101	0	8200
2370001	237	1	48000	100	147800	6	17	0	4124
2370002	237	2	96000	100	1576800	6	17,31	0	4968
2370003	237	3	192000	100	3153600	6	17,31,48	0	6092
2370004	237	4	384000	100	6307200	6	17,31,48,64	0	7076
2370005	237	5	768000	100	12614500	6	17,31,48,64,81	0	8200
2370006	237	6	1680000	100	12614500	6	17,31,48,64,81,99	0	8200
2380001	238	1	48000	100	147800	6	16	0	3984
2380002	238	2	96000	100	1576800	6	16,31	0	4827
2380003	238	3	192000	100	3153600	6	16,31,48	0	5952
2380004	238	4	384000	100	6307200	6	16,31,48,64	0	6935
2380005	238	5	768000	100	12614500	6	16,31,48,64,81	0	8060
2380006	238	6	1680000	100	12614500	6	16,31,48,64,81,99	0	8060
2390001	239	1	48000	100	147800	6	13	0	3562
2390002	239	2	96000	100	1576800	6	13,28	0	4406
2390003	239	3	192000	100	3153600	6	13,28,43	0	5249
2390004	239	4	384000	100	6307200	6	13,28,43,59	0	6233
2390005	239	5	768000	100	12614500	6	13,28,43,59,76	0	7498
2390006	239	6	1680000	100	12614500	6	13,28,43,59,76,94	0	7498
2400001	240	1	48000	100	147800	6	16	0	3984
2400002	240	2	96000	100	1576800	6	16,31	0	4827
2400003	240	3	192000	100	3153600	6	16,31,48	0	5811
2400004	240	4	384000	100	6307200	6	16,31,48,64	0	6795
2400005	240	5	768000	100	12614500	6	16,31,48,64,81	0	7919
2400006	240	6	1680000	100	12614500	6	16,31,48,64,81,99	0	7919
2410001	241	1	48000	100	147800	6	16	0	3984
2410002	241	2	96000	100	1576800	6	16,32	0	4968
2410003	241	3	192000	100	3153600	6	16,32,49	0	5952
2410004	241	4	384000	100	6307200	6	16,32,49,67	0	6935
2410005	241	5	768000	100	12614500	6	16,32,49,67,85	0	8060
2410006	241	6	1680000	100	12614500	6	16,32,49,67,85,104	0	8060
2420001	242	1	48000	100	147800	6	18	0	4265
2420002	242	2	96000	100	1576800	6	18,33	0	5108
2420003	242	3	192000	100	3153600	6	18,33,52	0	6514
2420004	242	4	384000	100	6307200	6	18,33,52,70	0	7779
2420005	242	5	768000	100	12614500	6	18,33,52,70,87	0	8903
2420006	242	6	1680000	100	12614500	6	18,33,52,70,87,105	0	8903
2430001	243	1	48000	100	147800	6	16	0	3984
2430002	243	2	96000	100	1576800	6	16,31	0	4827
2430003	243	3	192000	100	3153600	6	16,31,48	0	6092
2430004	243	4	384000	100	6307200	6	16,31,48,64	0	7357
2430005	243	5	768000	100	12614500	6	16,31,48,64,81	0	8481
2430006	243	6	1680000	100	12614500	6	16,31,48,64,81,99	0	8481
2440001	244	1	48000	100	147800	6	16	0	3984
2440002	244	2	96000	100	1576800	6	16,32	0	4968
2440003	244	3	192000	100	3153600	6	16,32,49	0	6233
2440004	244	4	384000	100	6307200	6	16,32,49,67	0	7498
2440005	244	5	768000	100	12614500	6	16,32,49,67,85	0	8622
2440006	244	6	1680000	100	12614500	6	16,32,49,67,85,104	0	8622
2450001	245	1	48000	100	147800	6	17	0	4124
2450002	245	2	96000	100	1576800	6	17,34	0	5249
2450003	245	3	192000	100	3153600	6	17,34,52	0	6514
2450004	245	4	384000	100	6307200	6	17,34,52,71	0	7779
2450005	245	5	768000	100	12614500	6	17,34,52,71,90	0	9184
2450006	245	6	1680000	100	12614500	6	17,34,52,71,90,110	0	9184
2460001	246	1	48000	100	147800	6	17	0	4124
2460002	246	2	96000	100	1576800	6	17,34	0	5249
2460003	246	3	192000	100	3153600	6	17,34,52	0	6514
2460004	246	4	384000	100	6307200	6	17,34,52,70	0	7779
2460005	246	5	768000	100	12614500	6	17,34,52,70,88	0	9044
2460006	246	6	1680000	100	12614500	6	17,34,52,70,88,107	0	9044
2470001	247	1	48000	100	147800	6	16	0	3984
2470002	247	2	96000	100	1576800	6	16,33	0	5108
2470003	247	3	192000	100	3153600	6	16,33,50	0	6373
2470004	247	4	384000	100	6307200	6	16,33,50,68	0	7638
2470005	247	5	768000	100	12614500	6	16,33,50,68,87	0	9044
2470006	247	6	1680000	100	12614500	6	16,33,50,68,87,107	0	9044
2480001	248	1	48000	100	147800	6	16	0	3984
2480002	248	2	96000	100	1576800	6	16,32	0	4968
2480003	248	3	192000	100	3153600	6	16,32,49	0	6092
2480004	248	4	384000	100	6307200	6	16,32,49,67	0	7357
2480005	248	5	768000	100	12614500	6	16,32,49,67,85	0	8763
2480006	248	6	1680000	100	12614500	6	16,32,49,67,85,104	0	8763
2490001	249	1	48000	100	147800	6	16	0	3984
2490002	249	2	96000	100	1576800	6	16,32	0	4968
2490003	249	3	192000	100	3153600	6	16,32,49	0	6092
2490004	249	4	384000	100	6307200	6	16,32,49,67	0	7357
2490005	249	5	768000	100	12614500	6	16,32,49,67,84	0	8622
2490006	249	6	1680000	100	12614500	6	16,32,49,67,84,103	0	8622
2500001	250	1	48000	100	147800	6	16	0	3984
2500002	250	2	96000	100	1576800	6	16,32	0	4968
2500003	250	3	192000	100	3153600	6	16,32,49	0	6092
2500004	250	4	384000	100	6307200	6	16,32,49,66	0	7217
2500005	250	5	768000	100	12614500	6	16,32,49,66,84	0	8481
2500006	250	6	1680000	100	12614500	6	16,32,49,66,84,103	0	8481
2510001	251	1	48000	100	147800	6	16	0	3984
2510002	251	2	96000	100	1576800	6	16,32	0	4968
2510003	251	3	192000	100	3153600	6	16,32,49	0	6092
2510004	251	4	384000	100	6307200	6	16,32,49,66	0	7217
2510005	251	5	768000	100	12614500	6	16,32,49,66,84	0	8481
2510006	251	6	1680000	100	12614500	6	16,32,49,66,84,103	0	8481
2520001	252	1	48000	100	147800	6	16	0	3984
2520002	252	2	96000	100	1576800	6	16,32	0	4968
2520003	252	3	192000	100	3153600	6	16,32,49	0	6092
2520004	252	4	384000	100	6307200	6	16,32,49,66	0	7217
2520005	252	5	768000	100	12614500	6	16,32,49,66,83	0	8341
2520006	252	6	1680000	100	12614500	6	16,32,49,66,83,102	0	8341
2530001	253	1	48000	100	147800	6	16	0	3984
2530002	253	2	96000	100	1576800	6	16,32	0	4968
2530003	253	3	192000	100	3153600	6	16,32,48	0	5952
2530004	253	4	384000	100	6307200	6	16,32,48,65	0	7076
2530005	253	5	768000	100	12614500	6	16,32,48,65,82	0	8200
2530006	253	6	1680000	100	12614500	6	16,32,48,65,82,100	0	8200
2540001	254	1	48000	100	147800	6	16	0	3984
2540002	254	2	96000	100	1576800	6	16,33	0	5108
2540003	254	3	192000	100	3153600	6	16,33,50	0	6233
2540004	254	4	384000	100	6307200	6	16,33,50,68	0	7357
2540005	254	5	768000	100	12614500	6	16,33,50,68,87	0	8622
2540006	254	6	1680000	100	12614500	6	16,33,50,68,87,107	0	8622
2550001	255	1	48000	100	147800	6	16	0	3984
2550002	255	2	96000	100	1576800	6	16,33	0	5108
2550003	255	3	192000	100	3153600	6	16,33,50	0	6233
2550004	255	4	384000	100	6307200	6	16,33,50,67	0	7498
2550005	255	5	768000	100	12614500	6	16,33,50,67,86	0	8903
2550006	255	6	1680000	100	12614500	6	16,33,50,67,86,106	0	8903
2560001	256	1	48000	100	147800	6	16	0	3984
2560002	256	2	96000	100	1576800	6	16,32	0	4968
2560003	256	3	192000	100	3153600	6	16,32,48	0	6092
2560004	256	4	384000	100	6307200	6	16,32,48,65	0	7357
2560005	256	5	768000	100	12614500	6	16,32,48,65,82	0	8622
2560006	256	6	1680000	100	12614500	6	16,32,48,65,82,101	0	8622
2570001	257	1	48000	100	147800	6	16	0	3984
2570002	257	2	96000	100	1576800	6	16,33	0	5108
2570003	257	3	192000	100	3153600	6	16,33,50	0	6233
2570004	257	4	384000	100	6307200	6	16,33,50,67	0	7498
2570005	257	5	768000	100	12614500	6	16,33,50,67,84	0	8763
2570006	257	6	1680000	100	12614500	6	16,33,50,67,84,103	0	8763
2580001	258	1	48000	100	147800	6	17	0	4124
2580002	258	2	96000	100	1576800	6	17,35	0	5389
2580003	258	3	192000	100	3153600	6	17,35,52	0	6654
2580004	258	4	384000	100	6307200	6	17,35,52,71	0	8060
2580005	258	5	768000	100	12614500	6	17,35,52,71,90	0	9465
2580006	258	6	1680000	100	12614500	6	17,35,52,71,90,110	0	9465
2590001	259	1	48000	100	147800	6	16	0	3984
2590002	259	2	96000	100	1576800	6	16,33	0	5108
2590003	259	3	192000	100	3153600	6	16,33,50	0	6373
2590004	259	4	384000	100	6307200	6	16,33,50,67	0	7638
2590005	259	5	768000	100	12614500	6	16,33,50,67,86	0	9044
2590006	259	6	1680000	100	12614500	6	16,33,50,67,86,106	0	9044
2600001	260	1	48000	100	147800	6	16	0	3984
2600002	260	2	96000	100	1576800	6	16,32	0	4968
2600003	260	3	192000	100	3153600	6	16,32,49	0	6092
2600004	260	4	384000	100	6307200	6	16,32,49,67	0	7357
2600005	260	5	768000	100	12614500	6	16,32,49,67,84	0	8763
2600006	260	6	1680000	100	12614500	6	16,32,49,67,84,103	0	8763
2610001	261	1	48000	100	147800	6	18	0	4265
2610002	261	2	96000	100	1576800	6	18,36	0	5530
2610003	261	3	192000	100	3153600	6	18,36,54	0	6795
2610004	261	4	384000	100	6307200	6	18,36,54,73	0	8200
2610005	261	5	768000	100	12614500	6	18,36,54,73,92	0	9606
2610006	261	6	1680000	100	12614500	6	18,36,54,73,92,113	0	9606
2620001	262	1	48000	100	147800	6	16	0	3984
2620002	262	2	96000	100	1576800	6	16,32	0	4968
2620003	262	3	192000	100	3153600	6	16,32,48	0	6092
2620004	262	4	384000	100	6307200	6	16,32,48,65	0	7357
2620005	262	5	768000	100	12614500	6	16,32,48,65,82	0	8763
2620006	262	6	1680000	100	12614500	6	16,32,48,65,82,101	0	8763
2630001	263	1	48000	100	147800	6	15	0	3843
2630002	263	2	96000	100	1576800	6	15,31	0	4827
2630003	263	3	192000	100	3153600	6	15,31,49	0	5811
2630004	263	4	384000	100	6307200	6	15,31,49,68	0	6935
2630005	263	5	768000	100	12614500	6	15,31,49,68,87	0	8200
2630006	263	6	1680000	100	12614500	6	15,31,49,68,87,107	0	8200
2640001	264	1	48000	100	147800	6	15	0	3843
2640002	264	2	96000	100	1576800	6	15,30	0	4687
2640003	264	3	192000	100	3153600	6	15,30,46	0	5670
2640004	264	4	384000	100	6307200	6	15,30,46,63	0	6795
2640005	264	5	768000	100	12614500	6	15,30,46,63,80	0	7919
2640006	264	6	1680000	100	12614500	6	15,30,46,63,80,99	0	7919
2650001	265	1	48000	100	147800	6	15	0	3843
2650002	265	2	96000	100	1576800	6	15,31	0	4827
2650003	265	3	192000	100	3153600	6	15,31,48	0	5952
2650004	265	4	384000	100	6307200	6	15,31,48,65	0	7217
2650005	265	5	768000	100	12614500	6	15,31,48,65,82	0	8481
2650006	265	6	1680000	100	12614500	6	15,31,48,65,82,100	0	8481
2660001	266	1	48000	100	147800	6	16	0	3984
2660002	266	2	96000	100	1576800	6	16,32	0	4968
2660003	266	3	192000	100	3153600	6	16,32,49	0	6092
2660004	266	4	384000	100	6307200	6	16,32,49,66	0	7357
2660005	266	5	768000	100	12614500	6	16,32,49,66,83	0	8622
2660006	266	6	1680000	100	12614500	6	16,32,49,66,83,102	0	8622
2670001	267	1	48000	100	147800	6	17	0	4124
2670002	267	2	96000	100	1576800	6	17,34	0	5249
2670003	267	3	192000	100	3153600	6	17,34,51	0	6514
2670004	267	4	384000	100	6307200	6	17,34,51,69	0	7779
2670005	267	5	768000	100	12614500	6	17,34,51,69,88	0	9184
2670006	267	6	1680000	100	12614500	6	17,34,51,69,88,108	0	9184
2680001	268	1	48000	100	147800	6	15	0	3843
2680002	268	2	96000	100	1576800	6	15,31	0	4827
2680003	268	3	192000	100	3153600	6	15,31,48	0	5952
2680004	268	4	384000	100	6307200	6	15,31,48,65	0	7217
2680005	268	5	768000	100	12614500	6	15,31,48,65,82	0	8622
2680006	268	6	1680000	100	12614500	6	15,31,48,65,82,100	0	8622
2690001	269	1	48000	100	147800	6	17	0	4124
2690002	269	2	96000	100	1576800	6	17,34	0	5249
2690003	269	3	192000	100	3153600	6	17,34,52	0	6514
2690004	269	4	384000	100	6307200	6	17,34,52,71	0	7779
2690005	269	5	768000	100	12614500	6	17,34,52,71,90	0	9184
2690006	269	6	1680000	100	12614500	6	17,34,52,71,90,110	0	9184
2700001	270	1	48000	100	147800	6	17	0	4124
2700002	270	2	96000	100	1576800	6	17,34	0	5249
2700003	270	3	192000	100	3153600	6	17,34,52	0	6514
2700004	270	4	384000	100	6307200	6	17,34,52,71	0	7779
2700005	270	5	768000	100	12614500	6	17,34,52,71,90	0	9184
2700006	270	6	1680000	100	12614500	6	17,34,52,71,90,110	0	9184
